 1 Centrale kraftværker DK1
 2 Centrale kraftværker DK2
 3 Decentrale kraftværker DK1
 4 Decentrale kraftværker DK2
 5 Vindmøller DK1
 6 Vindmøller DK2
 7 Udveksling Jylland-Norge
 8 Udveksling Jylland-Sverige
 9 Udveksling Jylland-Tyskland
10 Udveksling Sjælland-Sverige
11 Udveksling Sjælland-Tyskland
12 Udveksling Bornholm-Sverige
13 Udveksling Fyn-Sjaelland
14 Temperatur i Malling
15 Vindhastighed i Malling
16 CO2 udledning
17 Havmøller DK
18 Landmøller DK
19 Solceller DK1
20 Solceller DK2
 
Dato og tid      ;      1 ;      2 ;      3 ;      4 ;      5 ;      6 ;      7 ;      8 ;      9 ;     10 ;     11 ;     12 ;     13 ;     14 ;     15 ;     16 ;     17 ;     18 ;     19 ;     20 ;
2014-12-05 00:00 ;   1162 ;    798 ;    302 ;    188 ;   1010 ;    440 ;    803 ;     38 ;  -1215 ;    408 ;   -585 ;     14 ;    -75 ;      4 ;      8 ;    362 ;    790 ;    659 ;      0 ;      0 ;
2014-12-05 00:05 ;   1118 ;    801 ;    295 ;    193 ;    987 ;    444 ;    802 ;     76 ;  -1335 ;    528 ;   -585 ;     13 ;     58 ;      4 ;      8 ;    360 ;    781 ;    650 ;      0 ;      0 ;
2014-12-05 00:10 ;   1112 ;    787 ;    289 ;    193 ;    990 ;    435 ;    801 ;     76 ;  -1335 ;    551 ;   -586 ;     12 ;     56 ;      4 ;      9 ;    358 ;    776 ;    649 ;      0 ;      0 ;
2014-12-05 00:15 ;   1122 ;    782 ;    290 ;    190 ;    981 ;    431 ;    802 ;     76 ;  -1371 ;    562 ;   -586 ;     12 ;     56 ;      4 ;      8 ;    360 ;    767 ;    645 ;      0 ;      0 ;
2014-12-05 00:20 ;   1135 ;    785 ;    288 ;    189 ;    972 ;    415 ;    801 ;     76 ;  -1369 ;    564 ;   -585 ;     13 ;     56 ;      4 ;      7 ;    363 ;    755 ;    632 ;      0 ;      0 ;
2014-12-05 00:25 ;   1156 ;    771 ;    292 ;    191 ;    977 ;    429 ;    802 ;     76 ;  -1409 ;    559 ;   -586 ;     13 ;     56 ;      4 ;      6 ;    363 ;    755 ;    650 ;      0 ;      0 ;
2014-12-05 00:30 ;   1133 ;    771 ;    292 ;    190 ;    984 ;    419 ;    802 ;     76 ;  -1399 ;    549 ;   -585 ;     13 ;     56 ;      4 ;      7 ;    360 ;    758 ;    646 ;      0 ;      0 ;
2014-12-05 00:35 ;   1107 ;    773 ;    289 ;    187 ;    984 ;    410 ;    802 ;     76 ;  -1384 ;    546 ;   -586 ;     13 ;     56 ;      4 ;      6 ;    359 ;    753 ;    641 ;      0 ;      0 ;
2014-12-05 00:40 ;   1115 ;    766 ;    288 ;    190 ;    977 ;    392 ;    802 ;     76 ;  -1389 ;    555 ;   -586 ;     13 ;     57 ;      4 ;      6 ;    362 ;    737 ;    631 ;      0 ;      0 ;
2014-12-05 00:45 ;   1092 ;    765 ;    296 ;    190 ;    962 ;    393 ;    802 ;     75 ;  -1374 ;    559 ;   -586 ;     13 ;     57 ;      4 ;      7 ;    361 ;    735 ;    620 ;      0 ;      0 ;
2014-12-05 00:50 ;   1085 ;    762 ;    293 ;    197 ;    968 ;    379 ;    802 ;     81 ;  -1386 ;    577 ;   -585 ;     13 ;     54 ;      4 ;      7 ;    361 ;    725 ;    622 ;      0 ;      0 ;
2014-12-05 00:55 ;   1071 ;    766 ;    290 ;    187 ;    977 ;    358 ;    802 ;     90 ;  -1383 ;    569 ;   -586 ;     13 ;     43 ;      4 ;      7 ;    360 ;    727 ;    608 ;      0 ;      0 ;
2014-12-05 01:00 ;   1070 ;    760 ;    288 ;    190 ;    980 ;    354 ;    802 ;     97 ;  -1353 ;    522 ;   -586 ;     13 ;      0 ;      5 ;      7 ;    360 ;    717 ;    616 ;      0 ;      0 ;
2014-12-05 01:05 ;   1097 ;    780 ;    284 ;    189 ;    985 ;    343 ;    802 ;    102 ;  -1384 ;    506 ;   -585 ;     13 ;      0 ;      5 ;      6 ;    365 ;    712 ;    617 ;      0 ;      0 ;
2014-12-05 01:10 ;   1098 ;    771 ;    294 ;    191 ;    974 ;    338 ;    802 ;    110 ;  -1404 ;    510 ;   -585 ;     14 ;      0 ;      5 ;      7 ;    365 ;    703 ;    609 ;      0 ;      0 ;
2014-12-05 01:15 ;   1077 ;    761 ;    283 ;    192 ;    978 ;    331 ;    802 ;    115 ;  -1383 ;    516 ;   -585 ;     13 ;      0 ;      5 ;      7 ;    363 ;    694 ;    616 ;      0 ;      0 ;
2014-12-05 01:20 ;   1105 ;    761 ;    288 ;    192 ;    960 ;    333 ;    802 ;    117 ;  -1401 ;    521 ;   -586 ;     13 ;      0 ;      5 ;      6 ;    365 ;    688 ;    605 ;      0 ;      0 ;
2014-12-05 01:25 ;   1097 ;    753 ;    290 ;    193 ;    958 ;    324 ;    802 ;    117 ;  -1392 ;    553 ;   -585 ;     12 ;      0 ;      5 ;      6 ;    365 ;    687 ;    595 ;      0 ;      0 ;
2014-12-05 01:30 ;   1078 ;    746 ;    290 ;    188 ;    956 ;    329 ;    802 ;    117 ;  -1366 ;    530 ;   -586 ;     12 ;      0 ;      5 ;      6 ;    362 ;    688 ;    597 ;      0 ;      0 ;
2014-12-05 01:35 ;   1085 ;    736 ;    286 ;    187 ;    932 ;    334 ;    803 ;    117 ;  -1365 ;    535 ;   -586 ;     13 ;      0 ;      5 ;      7 ;    363 ;    686 ;    580 ;      0 ;      0 ;
2014-12-05 01:40 ;   1116 ;    733 ;    286 ;    187 ;    925 ;    328 ;    802 ;    117 ;  -1402 ;    549 ;   -586 ;     12 ;      0 ;      5 ;      4 ;    367 ;    679 ;    574 ;      0 ;      0 ;
2014-12-05 01:45 ;   1118 ;    730 ;    284 ;    188 ;    899 ;    324 ;    802 ;    117 ;  -1380 ;    553 ;   -586 ;     13 ;      0 ;      5 ;      5 ;    370 ;    666 ;    558 ;      0 ;      0 ;
2014-12-05 01:50 ;   1095 ;    721 ;    294 ;    188 ;    907 ;    334 ;    802 ;     97 ;  -1352 ;    567 ;   -586 ;     12 ;      0 ;      5 ;      6 ;    364 ;    671 ;    571 ;      0 ;      0 ;
2014-12-05 01:55 ;   1106 ;    715 ;    290 ;    194 ;    909 ;    336 ;    802 ;     78 ;  -1319 ;    569 ;   -585 ;     12 ;      0 ;      5 ;      7 ;    364 ;    666 ;    578 ;      0 ;      0 ;
2014-12-05 02:00 ;   1171 ;    690 ;    283 ;    191 ;    893 ;    350 ;    801 ;     59 ;  -1353 ;    587 ;   -586 ;     14 ;      0 ;      5 ;      6 ;    371 ;    669 ;    575 ;      0 ;      0 ;
2014-12-05 02:05 ;   1224 ;    665 ;    283 ;    199 ;    875 ;    346 ;    802 ;     50 ;  -1384 ;    598 ;   -586 ;     13 ;      0 ;      5 ;      8 ;    380 ;    663 ;    558 ;      0 ;      0 ;
2014-12-05 02:10 ;   1290 ;    655 ;    290 ;    191 ;    878 ;    343 ;    802 ;     50 ;  -1434 ;    591 ;   -585 ;     14 ;    -21 ;      5 ;      7 ;    387 ;    659 ;    562 ;      0 ;      0 ;
2014-12-05 02:15 ;   1267 ;    670 ;    291 ;    186 ;    884 ;    332 ;    802 ;     89 ;  -1450 ;    568 ;   -586 ;     13 ;    -26 ;      5 ;      6 ;    386 ;    661 ;    555 ;      0 ;      0 ;
2014-12-05 02:20 ;   1252 ;    712 ;    289 ;    188 ;    865 ;    332 ;    802 ;     90 ;  -1413 ;    543 ;   -585 ;     14 ;    -26 ;      5 ;      6 ;    387 ;    652 ;    544 ;      0 ;      0 ;
2014-12-05 02:25 ;   1254 ;    751 ;    286 ;    191 ;    865 ;    300 ;    803 ;     90 ;  -1409 ;    512 ;   -586 ;     14 ;    -27 ;      5 ;      6 ;    392 ;    639 ;    526 ;      0 ;      0 ;
2014-12-05 02:30 ;   1241 ;    766 ;    288 ;    187 ;    863 ;    301 ;    802 ;     90 ;  -1389 ;    507 ;   -585 ;     13 ;    -27 ;      5 ;      6 ;    392 ;    640 ;    523 ;      0 ;      0 ;
2014-12-05 02:35 ;   1236 ;    773 ;    284 ;    190 ;    862 ;    288 ;    802 ;     90 ;  -1382 ;    500 ;   -585 ;     12 ;    -27 ;      5 ;      5 ;    395 ;    637 ;    512 ;      0 ;      0 ;
2014-12-05 02:40 ;   1255 ;    768 ;    288 ;    189 ;    849 ;    285 ;    803 ;     90 ;  -1421 ;    518 ;   -585 ;     12 ;    -27 ;      5 ;      5 ;    398 ;    631 ;    503 ;      0 ;      0 ;
2014-12-05 02:45 ;   1269 ;    775 ;    287 ;    189 ;    868 ;    282 ;    802 ;     70 ;  -1409 ;    521 ;   -586 ;     13 ;    -27 ;      5 ;      5 ;    398 ;    635 ;    516 ;      0 ;      0 ;
2014-12-05 02:50 ;   1298 ;    767 ;    288 ;    188 ;    839 ;    265 ;    802 ;     40 ;  -1399 ;    526 ;   -586 ;     12 ;    -23 ;      5 ;      4 ;    404 ;    627 ;    478 ;      0 ;      0 ;
2014-12-05 02:55 ;   1328 ;    764 ;    288 ;    185 ;    837 ;    267 ;    802 ;     40 ;  -1407 ;    537 ;   -585 ;     13 ;    -20 ;      4 ;      6 ;    406 ;    624 ;    480 ;      0 ;      0 ;
2014-12-05 03:00 ;   1335 ;    761 ;    289 ;    191 ;    824 ;    263 ;    802 ;     40 ;  -1435 ;    567 ;   -586 ;     12 ;      0 ;      4 ;      7 ;    408 ;    621 ;    465 ;      0 ;      0 ;
2014-12-05 03:05 ;   1354 ;    754 ;    292 ;    188 ;    814 ;    255 ;    802 ;     40 ;  -1448 ;    583 ;   -586 ;     12 ;      0 ;      4 ;      6 ;    412 ;    609 ;    459 ;      0 ;      0 ;
2014-12-05 03:10 ;   1302 ;    747 ;    289 ;    187 ;    798 ;    258 ;    802 ;     40 ;  -1389 ;    600 ;   -586 ;     13 ;      0 ;      4 ;      4 ;    408 ;    610 ;    446 ;      0 ;      0 ;
2014-12-05 03:15 ;   1292 ;    738 ;    286 ;    189 ;    783 ;    250 ;    802 ;     40 ;  -1359 ;    613 ;   -585 ;     13 ;      0 ;      4 ;      6 ;    409 ;    605 ;    428 ;      0 ;      0 ;
2014-12-05 03:20 ;   1304 ;    743 ;    288 ;    190 ;    778 ;    249 ;    802 ;     76 ;  -1399 ;    605 ;   -586 ;     14 ;      0 ;      4 ;      5 ;    411 ;    604 ;    422 ;      0 ;      0 ;
2014-12-05 03:25 ;   1277 ;    740 ;    292 ;    186 ;    761 ;    243 ;    802 ;    126 ;  -1432 ;    610 ;   -585 ;     14 ;      0 ;      4 ;      6 ;    411 ;    594 ;    410 ;      0 ;      0 ;
2014-12-05 03:30 ;   1238 ;    741 ;    289 ;    182 ;    754 ;    247 ;    802 ;    170 ;  -1414 ;    622 ;   -585 ;     14 ;      0 ;      4 ;      4 ;    408 ;    588 ;    414 ;      0 ;      0 ;
2014-12-05 03:35 ;   1228 ;    739 ;    285 ;    188 ;    734 ;    234 ;    802 ;    169 ;  -1373 ;    633 ;   -585 ;     14 ;      0 ;      4 ;      5 ;    411 ;    574 ;    393 ;      0 ;      0 ;
2014-12-05 03:40 ;   1248 ;    740 ;    285 ;    186 ;    727 ;    224 ;    803 ;    170 ;  -1379 ;    635 ;   -586 ;     13 ;      0 ;      4 ;      4 ;    415 ;    570 ;    380 ;      0 ;      0 ;
2014-12-05 03:45 ;   1253 ;    745 ;    285 ;    191 ;    707 ;    226 ;    802 ;    169 ;  -1366 ;    622 ;   -586 ;     13 ;      0 ;      4 ;      5 ;    417 ;    569 ;    363 ;      0 ;      0 ;
2014-12-05 03:50 ;   1266 ;    745 ;    289 ;    184 ;    712 ;    220 ;    802 ;    169 ;  -1383 ;    640 ;   -585 ;     13 ;      0 ;      4 ;      6 ;    419 ;    567 ;    365 ;      0 ;      0 ;
2014-12-05 03:55 ;   1282 ;    738 ;    295 ;    190 ;    691 ;    205 ;    802 ;    169 ;  -1380 ;    655 ;   -586 ;     12 ;      0 ;      4 ;      5 ;    424 ;    549 ;    347 ;      0 ;      0 ;
2014-12-05 04:00 ;   1325 ;    739 ;    291 ;    187 ;    687 ;    213 ;    802 ;    169 ;  -1397 ;    650 ;   -586 ;     12 ;      0 ;      4 ;      4 ;    427 ;    557 ;    343 ;      0 ;      0 ;
2014-12-05 04:05 ;   1347 ;    737 ;    294 ;    190 ;    691 ;    210 ;    802 ;    169 ;  -1416 ;    661 ;   -586 ;     12 ;      0 ;      4 ;      5 ;    429 ;    564 ;    338 ;      0 ;      0 ;
2014-12-05 04:10 ;   1406 ;    737 ;    291 ;    188 ;    680 ;    201 ;    802 ;    170 ;  -1450 ;    680 ;   -586 ;     12 ;      0 ;      4 ;      5 ;    436 ;    545 ;    336 ;      0 ;      0 ;
2014-12-05 04:15 ;   1387 ;    730 ;    298 ;    192 ;    667 ;    199 ;    802 ;    169 ;  -1430 ;    694 ;   -585 ;     12 ;      0 ;      4 ;      4 ;    436 ;    541 ;    325 ;      0 ;      0 ;
2014-12-05 04:20 ;   1357 ;    731 ;    297 ;    190 ;    667 ;    193 ;    802 ;    169 ;  -1394 ;    690 ;   -585 ;     13 ;      0 ;      4 ;      4 ;    435 ;    536 ;    323 ;      0 ;      0 ;
2014-12-05 04:25 ;   1335 ;    732 ;    292 ;    186 ;    664 ;    195 ;    802 ;    239 ;  -1414 ;    705 ;   -586 ;     13 ;      0 ;      4 ;      4 ;    434 ;    533 ;    326 ;      0 ;      0 ;
2014-12-05 04:30 ;   1316 ;    729 ;    293 ;    186 ;    653 ;    187 ;    802 ;    249 ;  -1403 ;    712 ;   -585 ;     12 ;      0 ;      3 ;      4 ;    435 ;    531 ;    308 ;      0 ;      0 ;
2014-12-05 04:35 ;   1323 ;    732 ;    296 ;    188 ;    646 ;    175 ;    802 ;    249 ;  -1409 ;    734 ;   -586 ;     12 ;      0 ;      3 ;      3 ;    437 ;    525 ;    297 ;      0 ;      0 ;
2014-12-05 04:40 ;   1332 ;    730 ;    298 ;    187 ;    638 ;    170 ;    802 ;    249 ;  -1406 ;    736 ;   -586 ;     12 ;      0 ;      3 ;      5 ;    440 ;    520 ;    288 ;      0 ;      0 ;
2014-12-05 04:45 ;   1333 ;    729 ;    298 ;    191 ;    632 ;    164 ;    802 ;    248 ;  -1397 ;    750 ;   -586 ;     12 ;      0 ;      3 ;      4 ;    441 ;    516 ;    279 ;      0 ;      0 ;
2014-12-05 04:50 ;   1344 ;    725 ;    295 ;    190 ;    619 ;    154 ;    802 ;    248 ;  -1394 ;    766 ;   -586 ;     12 ;      0 ;      3 ;      4 ;    445 ;    510 ;    262 ;      0 ;      0 ;
2014-12-05 04:55 ;   1357 ;    733 ;    296 ;    187 ;    623 ;    147 ;    802 ;    248 ;  -1401 ;    766 ;   -585 ;     13 ;      0 ;      3 ;      3 ;    447 ;    515 ;    255 ;      0 ;      0 ;
2014-12-05 05:00 ;   1357 ;    737 ;    300 ;    189 ;    636 ;    136 ;    801 ;    278 ;  -1474 ;    850 ;   -586 ;     11 ;     58 ;      3 ;      4 ;    448 ;    511 ;    261 ;      0 ;      0 ;
2014-12-05 05:05 ;   1363 ;    743 ;    300 ;    187 ;    647 ;    132 ;    802 ;    278 ;  -1472 ;    865 ;   -586 ;     12 ;     67 ;      3 ;      4 ;    446 ;    511 ;    269 ;      0 ;      0 ;
2014-12-05 05:10 ;   1322 ;    740 ;    306 ;    190 ;    642 ;    124 ;    802 ;    278 ;  -1415 ;    874 ;   -586 ;     12 ;     65 ;      3 ;      3 ;    444 ;    503 ;    263 ;      0 ;      0 ;
2014-12-05 05:15 ;   1332 ;    743 ;    304 ;    190 ;    652 ;    128 ;    802 ;    278 ;  -1402 ;    871 ;   -585 ;     12 ;     62 ;      3 ;      3 ;    443 ;    511 ;    270 ;      0 ;      0 ;
2014-12-05 05:20 ;   1347 ;    746 ;    299 ;    190 ;    653 ;    127 ;    802 ;    278 ;  -1398 ;    906 ;   -586 ;     11 ;     65 ;      3 ;      3 ;    443 ;    510 ;    270 ;      0 ;      0 ;
2014-12-05 05:25 ;   1344 ;    761 ;    309 ;    190 ;    654 ;    132 ;    802 ;    278 ;  -1430 ;    918 ;   -586 ;     12 ;    105 ;      3 ;      3 ;    443 ;    505 ;    281 ;      0 ;      0 ;
2014-12-05 05:30 ;   1332 ;    772 ;    307 ;    189 ;    661 ;    125 ;    802 ;    278 ;  -1444 ;    970 ;   -586 ;     10 ;    137 ;      3 ;      3 ;    438 ;    509 ;    277 ;      0 ;      0 ;
2014-12-05 05:35 ;   1338 ;    768 ;    304 ;    189 ;    651 ;    133 ;    802 ;    278 ;  -1402 ;    986 ;   -586 ;     11 ;    130 ;      3 ;      4 ;    431 ;    511 ;    273 ;      0 ;      0 ;
2014-12-05 05:40 ;   1361 ;    769 ;    308 ;    190 ;    649 ;    122 ;    803 ;    279 ;  -1404 ;    991 ;   -586 ;     12 ;    127 ;      3 ;      3 ;    434 ;    509 ;    262 ;      0 ;      0 ;
2014-12-05 05:45 ;   1381 ;    760 ;    303 ;    189 ;    636 ;    126 ;    803 ;    279 ;  -1388 ;   1019 ;   -586 ;     12 ;    128 ;      3 ;      4 ;    433 ;    508 ;    254 ;      0 ;      0 ;
2014-12-05 05:50 ;   1414 ;    761 ;    308 ;    189 ;    630 ;    118 ;    803 ;    278 ;  -1413 ;   1062 ;   -586 ;     12 ;    139 ;      3 ;      4 ;    435 ;    506 ;    242 ;      0 ;      0 ;
2014-12-05 05:55 ;   1458 ;    757 ;    329 ;    190 ;    633 ;    118 ;    802 ;    279 ;  -1443 ;   1069 ;   -586 ;     13 ;    146 ;      3 ;      4 ;    440 ;    508 ;    243 ;      0 ;      0 ;
2014-12-05 06:00 ;   1548 ;    747 ;    347 ;    192 ;    634 ;    115 ;    802 ;    278 ;  -1400 ;    940 ;   -550 ;     14 ;     20 ;      3 ;      4 ;    450 ;    503 ;    246 ;      0 ;      0 ;
2014-12-05 06:05 ;   1652 ;    735 ;    389 ;    192 ;    626 ;    114 ;    802 ;    279 ;  -1433 ;    941 ;   -516 ;     16 ;      0 ;      3 ;      4 ;    455 ;    497 ;    243 ;      0 ;      0 ;
2014-12-05 06:10 ;   1707 ;    736 ;    396 ;    189 ;    625 ;    120 ;    802 ;    278 ;  -1446 ;    958 ;   -513 ;     17 ;      0 ;      3 ;      4 ;    457 ;    495 ;    250 ;      0 ;      0 ;
2014-12-05 06:15 ;   1719 ;    736 ;    404 ;    192 ;    626 ;    114 ;    802 ;    279 ;  -1429 ;   1006 ;   -513 ;     17 ;      0 ;      3 ;      4 ;    451 ;    493 ;    247 ;      0 ;      0 ;
2014-12-05 06:20 ;   1730 ;    730 ;    412 ;    193 ;    628 ;    112 ;    802 ;    279 ;  -1397 ;   1016 ;   -513 ;     18 ;      0 ;      3 ;      5 ;    447 ;    490 ;    249 ;      0 ;      0 ;
2014-12-05 06:25 ;   1743 ;    734 ;    436 ;    191 ;    625 ;    106 ;    802 ;    278 ;  -1388 ;   1061 ;   -513 ;     19 ;      0 ;      3 ;      4 ;    443 ;    482 ;    248 ;      0 ;      0 ;
2014-12-05 06:30 ;   1747 ;    745 ;    472 ;    189 ;    635 ;    103 ;    802 ;    279 ;  -1460 ;   1134 ;   -513 ;     17 ;     70 ;      3 ;      3 ;    442 ;    491 ;    247 ;      0 ;      0 ;
2014-12-05 06:35 ;   1677 ;    755 ;    493 ;    192 ;    632 ;    103 ;    802 ;    278 ;  -1445 ;   1235 ;   -513 ;     19 ;    149 ;      3 ;      3 ;    426 ;    486 ;    248 ;      0 ;      0 ;
2014-12-05 06:40 ;   1672 ;    770 ;    486 ;    192 ;    634 ;    100 ;    802 ;    279 ;  -1395 ;   1236 ;   -513 ;     21 ;    150 ;      3 ;      4 ;    423 ;    491 ;    243 ;      0 ;      0 ;
2014-12-05 06:45 ;   1699 ;    794 ;    501 ;    195 ;    631 ;    102 ;    802 ;    279 ;  -1400 ;   1264 ;   -513 ;     22 ;    150 ;      3 ;      4 ;    424 ;    487 ;    247 ;      0 ;      0 ;
2014-12-05 06:50 ;   1703 ;    816 ;    525 ;    189 ;    630 ;     97 ;    801 ;    278 ;  -1380 ;   1247 ;   -513 ;     23 ;    151 ;      3 ;      5 ;    426 ;    486 ;    241 ;      0 ;      0 ;
2014-12-05 06:55 ;   1726 ;    835 ;    600 ;    197 ;    634 ;     88 ;    803 ;    279 ;  -1457 ;   1267 ;   -513 ;     25 ;    150 ;      3 ;      5 ;    432 ;    488 ;    234 ;      0 ;      0 ;
2014-12-05 07:00 ;   1738 ;    846 ;    662 ;    216 ;    627 ;     83 ;    802 ;    279 ;  -1361 ;   1140 ;   -536 ;     25 ;     21 ;      3 ;      3 ;    437 ;    474 ;    236 ;      0 ;      0 ;
2014-12-05 07:05 ;   1733 ;    855 ;    677 ;    233 ;    631 ;     88 ;    802 ;    278 ;  -1272 ;   1166 ;   -561 ;     27 ;      0 ;      3 ;      3 ;    427 ;    474 ;    245 ;      0 ;      0 ;
2014-12-05 07:10 ;   1712 ;    864 ;    709 ;    247 ;    633 ;     90 ;    802 ;    278 ;  -1210 ;   1168 ;   -560 ;     26 ;      0 ;      3 ;      3 ;    420 ;    481 ;    242 ;      0 ;      0 ;
2014-12-05 07:15 ;   1724 ;    864 ;    712 ;    248 ;    630 ;     97 ;    802 ;    279 ;  -1188 ;   1203 ;   -561 ;     27 ;      0 ;      3 ;      4 ;    416 ;    492 ;    235 ;      0 ;      0 ;
2014-12-05 07:20 ;   1721 ;    866 ;    732 ;    247 ;    621 ;    100 ;    802 ;    278 ;  -1157 ;   1201 ;   -560 ;     27 ;      0 ;      3 ;      4 ;    413 ;    491 ;    230 ;      0 ;      0 ;
2014-12-05 07:25 ;   1757 ;    883 ;    728 ;    250 ;    623 ;    100 ;    802 ;    278 ;  -1221 ;   1246 ;   -561 ;     27 ;     47 ;      3 ;      5 ;    417 ;    492 ;    231 ;      0 ;      0 ;
2014-12-05 07:30 ;   1759 ;    875 ;    723 ;    248 ;    617 ;    101 ;    802 ;    278 ;  -1196 ;   1278 ;   -560 ;     27 ;     47 ;      3 ;      4 ;    412 ;    492 ;    226 ;      0 ;      0 ;
2014-12-05 07:35 ;   1785 ;    865 ;    727 ;    250 ;    615 ;    104 ;    802 ;    279 ;  -1205 ;   1275 ;   -561 ;     27 ;     47 ;      3 ;      4 ;    413 ;    490 ;    230 ;      0 ;      0 ;
2014-12-05 07:40 ;   1798 ;    870 ;    730 ;    247 ;    616 ;    108 ;    802 ;    278 ;  -1196 ;   1269 ;   -561 ;     28 ;     46 ;      3 ;      4 ;    413 ;    491 ;    232 ;      0 ;      0 ;
2014-12-05 07:45 ;   1807 ;    873 ;    740 ;    255 ;    596 ;    109 ;    802 ;    279 ;  -1194 ;   1281 ;   -561 ;     27 ;     46 ;      3 ;      5 ;    413 ;    483 ;    222 ;      0 ;      0 ;
2014-12-05 07:50 ;   1811 ;    866 ;    737 ;    275 ;    599 ;    113 ;    802 ;    278 ;  -1185 ;   1281 ;   -561 ;     28 ;     36 ;      3 ;      4 ;    412 ;    488 ;    223 ;      0 ;      0 ;
2014-12-05 07:55 ;   1831 ;    869 ;    742 ;    291 ;    598 ;    109 ;    802 ;    278 ;  -1173 ;   1248 ;   -561 ;     28 ;     26 ;      3 ;      4 ;    414 ;    482 ;    226 ;      0 ;      0 ;
2014-12-05 08:00 ;   1872 ;    870 ;    756 ;    296 ;    586 ;    108 ;    802 ;    278 ;  -1171 ;   1246 ;   -568 ;     30 ;      0 ;      3 ;      4 ;    417 ;    468 ;    226 ;      0 ;      0 ;
2014-12-05 08:05 ;   1915 ;    870 ;    763 ;    303 ;    580 ;    110 ;    802 ;    278 ;  -1200 ;   1261 ;   -574 ;     29 ;      0 ;      3 ;      4 ;    419 ;    458 ;    232 ;      0 ;      0 ;
2014-12-05 08:10 ;   1929 ;    872 ;    761 ;    308 ;    580 ;    102 ;    802 ;    279 ;  -1205 ;   1258 ;   -575 ;     31 ;      0 ;      3 ;      4 ;    420 ;    453 ;    229 ;      0 ;      0 ;
2014-12-05 08:15 ;   1930 ;    873 ;    774 ;    303 ;    579 ;    103 ;    802 ;    278 ;  -1189 ;   1262 ;   -575 ;     31 ;      0 ;      3 ;      4 ;    418 ;    449 ;    234 ;      0 ;      0 ;
2014-12-05 08:20 ;   1928 ;    878 ;    764 ;    302 ;    564 ;    111 ;    802 ;    278 ;  -1181 ;   1270 ;   -575 ;     27 ;      0 ;      3 ;      4 ;    418 ;    440 ;    235 ;      0 ;      0 ;
2014-12-05 08:25 ;   1933 ;    879 ;    770 ;    300 ;    563 ;    114 ;    802 ;    278 ;  -1178 ;   1257 ;   -575 ;     26 ;      0 ;      3 ;      4 ;    418 ;    436 ;    241 ;      0 ;      0 ;
2014-12-05 08:30 ;   1943 ;    880 ;    771 ;    304 ;    537 ;    110 ;    802 ;    278 ;  -1165 ;   1257 ;   -576 ;     24 ;      0 ;      3 ;      6 ;    421 ;    420 ;    228 ;      0 ;      0 ;
2014-12-05 08:35 ;   1960 ;    887 ;    777 ;    303 ;    502 ;    115 ;    802 ;    278 ;  -1166 ;   1252 ;   -575 ;     23 ;      0 ;      3 ;      5 ;    424 ;    395 ;    222 ;      0 ;      0 ;
2014-12-05 08:40 ;   1973 ;    891 ;    756 ;    300 ;    481 ;    113 ;    802 ;    279 ;  -1150 ;   1272 ;   -576 ;     23 ;      0 ;      3 ;      5 ;    424 ;    379 ;    216 ;      0 ;      0 ;
2014-12-05 08:45 ;   1983 ;    901 ;    750 ;    302 ;    454 ;    105 ;    802 ;    278 ;  -1145 ;   1266 ;   -575 ;     22 ;      0 ;      3 ;      4 ;    428 ;    358 ;    201 ;      0 ;      0 ;
2014-12-05 08:50 ;   1996 ;    902 ;    767 ;    300 ;    455 ;    112 ;    802 ;    279 ;  -1174 ;   1253 ;   -576 ;     21 ;      0 ;      3 ;      4 ;    431 ;    366 ;    201 ;      0 ;      0 ;
2014-12-05 08:55 ;   2008 ;    903 ;    764 ;    303 ;    430 ;    113 ;    802 ;    278 ;  -1170 ;   1261 ;   -576 ;     20 ;      0 ;      3 ;      4 ;    432 ;    347 ;    196 ;      0 ;      0 ;
2014-12-05 09:00 ;   2014 ;    902 ;    765 ;    305 ;    428 ;    113 ;    802 ;    278 ;  -1186 ;   1276 ;   -580 ;     18 ;      0 ;      3 ;      4 ;    432 ;    342 ;    199 ;      0 ;      0 ;
2014-12-05 09:05 ;   1982 ;    902 ;    766 ;    305 ;    434 ;    105 ;    802 ;    279 ;  -1180 ;   1305 ;   -585 ;     18 ;      0 ;      3 ;      3 ;    429 ;    355 ;    184 ;      0 ;      0 ;
2014-12-05 09:10 ;   1984 ;    906 ;    769 ;    304 ;    435 ;    108 ;    802 ;    278 ;  -1192 ;   1290 ;   -586 ;     18 ;      0 ;      3 ;      3 ;    431 ;    354 ;    189 ;      0 ;      0 ;
2014-12-05 09:15 ;   1980 ;    903 ;    779 ;    306 ;    418 ;    107 ;    802 ;    279 ;  -1127 ;   1232 ;   -585 ;     18 ;    -58 ;      3 ;      4 ;    431 ;    336 ;    189 ;      0 ;      0 ;
2014-12-05 09:20 ;   2002 ;    910 ;    794 ;    306 ;    407 ;    100 ;    801 ;    279 ;  -1137 ;   1232 ;   -586 ;     18 ;    -60 ;      3 ;      4 ;    434 ;    319 ;    188 ;      0 ;      0 ;
2014-12-05 09:25 ;   2022 ;    912 ;    823 ;    307 ;    417 ;    102 ;    802 ;    278 ;  -1156 ;   1238 ;   -585 ;     17 ;    -59 ;      3 ;      4 ;    434 ;    333 ;    187 ;      1 ;      0 ;
2014-12-05 09:30 ;   2044 ;    907 ;    815 ;    308 ;    414 ;     99 ;    802 ;    278 ;  -1173 ;   1277 ;   -586 ;     17 ;    -28 ;      3 ;      4 ;    434 ;    323 ;    190 ;      1 ;      0 ;
2014-12-05 09:35 ;   2049 ;    907 ;    814 ;    309 ;    417 ;     98 ;    802 ;    278 ;  -1184 ;   1307 ;   -585 ;     17 ;      0 ;      3 ;      4 ;    432 ;    322 ;    193 ;      1 ;      1 ;
2014-12-05 09:40 ;   2043 ;    909 ;    820 ;    317 ;    407 ;     95 ;    802 ;    278 ;  -1216 ;   1314 ;   -586 ;     16 ;     20 ;      3 ;      4 ;    434 ;    314 ;    188 ;      1 ;      1 ;
2014-12-05 09:45 ;   2050 ;    915 ;    802 ;    318 ;    406 ;     86 ;    801 ;    278 ;  -1192 ;   1288 ;   -585 ;     18 ;      0 ;      3 ;      3 ;    435 ;    312 ;    180 ;      2 ;      1 ;
2014-12-05 09:50 ;   2054 ;    911 ;    804 ;    324 ;    431 ;     85 ;    802 ;    278 ;  -1195 ;   1311 ;   -586 ;     17 ;      0 ;      3 ;      4 ;    431 ;    336 ;    180 ;      2 ;      1 ;
2014-12-05 09:55 ;   2056 ;    908 ;    809 ;    326 ;    456 ;     86 ;    801 ;    278 ;  -1158 ;   1242 ;   -585 ;     18 ;    -68 ;      3 ;      3 ;    431 ;    358 ;    184 ;      2 ;      1 ;
2014-12-05 10:00 ;   2084 ;    915 ;    813 ;    326 ;    453 ;     89 ;    802 ;    279 ;  -1236 ;   1289 ;   -586 ;     18 ;      0 ;      3 ;      4 ;    433 ;    358 ;    184 ;      2 ;      1 ;
2014-12-05 10:05 ;   2069 ;    924 ;    783 ;    313 ;    466 ;     86 ;    811 ;    278 ;  -1198 ;   1283 ;   -585 ;     19 ;    -19 ;      3 ;      3 ;    429 ;    364 ;    187 ;      2 ;      1 ;
2014-12-05 10:10 ;   2065 ;    921 ;    800 ;    313 ;    477 ;     86 ;    802 ;    278 ;  -1168 ;   1273 ;   -585 ;     19 ;    -40 ;      3 ;      4 ;    427 ;    368 ;    195 ;      2 ;      1 ;
2014-12-05 10:15 ;   2050 ;    933 ;    810 ;    309 ;    468 ;     89 ;    801 ;    278 ;  -1158 ;   1234 ;   -585 ;     19 ;    -59 ;      3 ;      4 ;    428 ;    362 ;    196 ;      3 ;      1 ;
2014-12-05 10:20 ;   2065 ;    941 ;    813 ;    313 ;    477 ;     89 ;    800 ;    278 ;  -1171 ;   1212 ;   -585 ;     20 ;    -61 ;      3 ;      4 ;    430 ;    369 ;    197 ;      4 ;      1 ;
2014-12-05 10:25 ;   2069 ;    938 ;    799 ;    314 ;    471 ;     87 ;    802 ;    278 ;  -1178 ;   1258 ;   -586 ;     19 ;    -62 ;      3 ;      3 ;    428 ;    358 ;    200 ;      4 ;      1 ;
2014-12-05 10:30 ;   2031 ;    937 ;    817 ;    309 ;    468 ;     83 ;    801 ;    278 ;  -1159 ;   1235 ;   -586 ;     19 ;    -62 ;      3 ;      4 ;    429 ;    356 ;    194 ;      4 ;      2 ;
2014-12-05 10:35 ;   2010 ;    943 ;    794 ;    309 ;    466 ;     82 ;    802 ;    278 ;  -1119 ;   1231 ;   -585 ;     19 ;    -61 ;      3 ;      3 ;    427 ;    351 ;    198 ;      5 ;      2 ;
2014-12-05 10:40 ;   2042 ;    942 ;    798 ;    311 ;    477 ;     74 ;    802 ;    278 ;  -1131 ;   1247 ;   -585 ;     19 ;    -62 ;      3 ;      3 ;    427 ;    339 ;    212 ;      4 ;      2 ;
2014-12-05 10:45 ;   2081 ;    940 ;    806 ;    310 ;    456 ;     70 ;    802 ;    278 ;  -1177 ;   1240 ;   -585 ;     19 ;    -61 ;      3 ;      3 ;    432 ;    318 ;    207 ;      5 ;      2 ;
2014-12-05 10:50 ;   2068 ;    940 ;    805 ;    312 ;    448 ;     71 ;    802 ;    279 ;  -1159 ;   1236 ;   -585 ;     20 ;    -61 ;      3 ;      3 ;    430 ;    309 ;    211 ;      5 ;      2 ;
2014-12-05 10:55 ;   2073 ;    932 ;    807 ;    315 ;    435 ;     81 ;    802 ;    278 ;  -1170 ;   1252 ;   -585 ;     19 ;    -61 ;      3 ;      3 ;    430 ;    301 ;    215 ;      5 ;      2 ;
2014-12-05 11:00 ;   2030 ;    917 ;    815 ;    297 ;    429 ;     76 ;    803 ;    278 ;  -1116 ;   1275 ;   -586 ;     19 ;    -61 ;      3 ;      4 ;    425 ;    294 ;    211 ;      5 ;      2 ;
2014-12-05 11:05 ;   1955 ;    881 ;    805 ;    294 ;    430 ;     75 ;    802 ;    278 ;   -960 ;   1235 ;   -585 ;     19 ;   -149 ;      3 ;      3 ;    417 ;    298 ;    207 ;      5 ;      2 ;
2014-12-05 11:10 ;   1952 ;    891 ;    795 ;    307 ;    443 ;     76 ;    802 ;    279 ;   -926 ;   1208 ;   -585 ;     19 ;   -155 ;      3 ;      4 ;    414 ;    304 ;    216 ;      5 ;      2 ;
2014-12-05 11:15 ;   1919 ;    887 ;    800 ;    318 ;    437 ;     72 ;    802 ;    278 ;   -910 ;   1214 ;   -586 ;     18 ;   -157 ;      3 ;      2 ;    412 ;    299 ;    210 ;      5 ;      3 ;
2014-12-05 11:20 ;   1893 ;    884 ;    796 ;    304 ;    438 ;     64 ;    802 ;    278 ;   -887 ;   1209 ;   -586 ;     18 ;   -157 ;      3 ;      3 ;    412 ;    292 ;    210 ;      6 ;      3 ;
2014-12-05 11:25 ;   1864 ;    894 ;    790 ;    307 ;    435 ;     64 ;    802 ;    279 ;   -850 ;   1192 ;   -586 ;     18 ;   -157 ;      3 ;      4 ;    410 ;    289 ;    209 ;      6 ;      3 ;
2014-12-05 11:30 ;   1842 ;    898 ;    781 ;    305 ;    442 ;     71 ;    802 ;    278 ;   -832 ;   1190 ;   -586 ;     18 ;   -157 ;      3 ;      4 ;    408 ;    304 ;    209 ;      7 ;      3 ;
2014-12-05 11:35 ;   1870 ;    894 ;    784 ;    303 ;    461 ;     73 ;    802 ;    279 ;   -892 ;   1209 ;   -585 ;     18 ;   -157 ;      3 ;      3 ;    410 ;    320 ;    215 ;      7 ;      3 ;
2014-12-05 11:40 ;   1849 ;    895 ;    791 ;    304 ;    482 ;     72 ;    802 ;    278 ;   -918 ;   1196 ;   -586 ;     17 ;   -157 ;      3 ;      5 ;    410 ;    339 ;    215 ;      7 ;      3 ;
2014-12-05 11:45 ;   1831 ;    888 ;    786 ;    305 ;    499 ;     80 ;    801 ;    278 ;   -912 ;   1190 ;   -586 ;     18 ;   -156 ;      3 ;      3 ;    407 ;    353 ;    227 ;      7 ;      3 ;
2014-12-05 11:50 ;   1819 ;    890 ;    788 ;    303 ;    526 ;     85 ;    802 ;    279 ;   -955 ;   1180 ;   -586 ;     17 ;   -147 ;      3 ;      4 ;    407 ;    378 ;    234 ;      6 ;      3 ;
2014-12-05 11:55 ;   1782 ;    884 ;    788 ;    305 ;    507 ;     87 ;    802 ;    278 ;   -933 ;   1210 ;   -586 ;     16 ;   -139 ;      3 ;      4 ;    403 ;    370 ;    224 ;      6 ;      3 ;
2014-12-05 12:00 ;   1743 ;    861 ;    790 ;    313 ;    511 ;     91 ;    802 ;    279 ;   -929 ;   1216 ;   -585 ;     17 ;   -130 ;      3 ;      4 ;    400 ;    375 ;    227 ;      6 ;      3 ;
2014-12-05 12:05 ;   1718 ;    856 ;    769 ;    306 ;    507 ;     92 ;    802 ;    278 ;   -905 ;   1235 ;   -586 ;     17 ;   -121 ;      3 ;      5 ;    396 ;    380 ;    219 ;      6 ;      3 ;
2014-12-05 12:10 ;   1704 ;    848 ;    747 ;    308 ;    503 ;     89 ;    802 ;    278 ;   -887 ;   1270 ;   -585 ;     16 ;   -112 ;      3 ;      5 ;    393 ;    371 ;    221 ;      6 ;      3 ;
2014-12-05 12:15 ;   1702 ;    855 ;    735 ;    309 ;    474 ;     88 ;    802 ;    278 ;   -875 ;   1245 ;   -586 ;     15 ;   -103 ;      3 ;      4 ;    396 ;    344 ;    217 ;      7 ;      3 ;
2014-12-05 12:20 ;   1665 ;    858 ;    729 ;    305 ;    460 ;     94 ;    802 ;    278 ;   -832 ;   1242 ;   -585 ;     17 ;   -101 ;      3 ;      3 ;    391 ;    327 ;    227 ;      7 ;      3 ;
2014-12-05 12:25 ;   1677 ;    854 ;    714 ;    308 ;    456 ;     88 ;    801 ;    278 ;   -840 ;   1260 ;   -585 ;     16 ;   -102 ;      3 ;      3 ;    392 ;    319 ;    226 ;      7 ;      3 ;
2014-12-05 12:30 ;   1691 ;    848 ;    709 ;    305 ;    442 ;     86 ;    802 ;    278 ;   -842 ;   1250 ;   -585 ;     16 ;   -102 ;      3 ;      3 ;    395 ;    303 ;    225 ;      7 ;      2 ;
2014-12-05 12:35 ;   1697 ;    842 ;    705 ;    308 ;    437 ;     82 ;    802 ;    278 ;   -834 ;   1278 ;   -585 ;     16 ;   -102 ;      3 ;      4 ;    394 ;    289 ;    230 ;      6 ;      3 ;
2014-12-05 12:40 ;   1720 ;    857 ;    702 ;    303 ;    444 ;     80 ;    802 ;    278 ;   -852 ;   1276 ;   -586 ;     16 ;   -103 ;      3 ;      4 ;    396 ;    299 ;    225 ;      6 ;      4 ;
2014-12-05 12:45 ;   1763 ;    862 ;    693 ;    297 ;    463 ;     81 ;    802 ;    278 ;   -906 ;   1270 ;   -585 ;     16 ;   -103 ;      3 ;      3 ;    402 ;    309 ;    235 ;      6 ;      4 ;
2014-12-05 12:50 ;   1730 ;    859 ;    708 ;    262 ;    492 ;     81 ;    802 ;    278 ;   -907 ;   1296 ;   -585 ;     16 ;   -104 ;      3 ;      4 ;    395 ;    323 ;    250 ;      6 ;      4 ;
2014-12-05 12:55 ;   1700 ;    857 ;    700 ;    249 ;    501 ;     83 ;    802 ;    279 ;   -868 ;   1281 ;   -586 ;     16 ;   -130 ;      3 ;      4 ;    392 ;    333 ;    252 ;      6 ;      4 ;
2014-12-05 13:00 ;   1702 ;    863 ;    699 ;    238 ;    520 ;     84 ;    802 ;    279 ;   -843 ;   1253 ;   -586 ;     16 ;   -153 ;      3 ;      3 ;    391 ;    340 ;    264 ;      6 ;      3 ;
2014-12-05 13:05 ;   1753 ;    850 ;    694 ;    242 ;    505 ;     91 ;    802 ;    279 ;   -891 ;   1269 ;   -585 ;     15 ;   -155 ;      3 ;      4 ;    397 ;    329 ;    267 ;      7 ;      3 ;
2014-12-05 13:10 ;   1759 ;    858 ;    691 ;    235 ;    506 ;     96 ;    802 ;    278 ;   -900 ;   1258 ;   -586 ;     15 ;   -156 ;      3 ;      4 ;    397 ;    337 ;    264 ;      6 ;      2 ;
2014-12-05 13:15 ;   1754 ;    868 ;    681 ;    237 ;    513 ;    100 ;    802 ;    278 ;   -895 ;   1242 ;   -586 ;     15 ;   -156 ;      3 ;      3 ;    396 ;    356 ;    257 ;      6 ;      2 ;
2014-12-05 13:20 ;   1729 ;    868 ;    682 ;    233 ;    501 ;    102 ;    802 ;    278 ;   -882 ;   1225 ;   -585 ;     16 ;   -156 ;      3 ;      3 ;    395 ;    361 ;    243 ;      6 ;      2 ;
2014-12-05 13:25 ;   1718 ;    864 ;    682 ;    236 ;    479 ;     99 ;    802 ;    278 ;   -873 ;   1239 ;   -585 ;     16 ;   -156 ;      3 ;      4 ;    395 ;    344 ;    233 ;      6 ;      2 ;
2014-12-05 13:30 ;   1725 ;    861 ;    685 ;    234 ;    478 ;    105 ;    802 ;    279 ;   -890 ;   1239 ;   -586 ;     16 ;   -156 ;      3 ;      4 ;    396 ;    341 ;    242 ;      6 ;      2 ;
2014-12-05 13:35 ;   1728 ;    862 ;    685 ;    235 ;    493 ;    108 ;    802 ;    278 ;   -853 ;   1188 ;   -585 ;     16 ;   -198 ;      3 ;      5 ;    396 ;    338 ;    263 ;      6 ;      2 ;
2014-12-05 13:40 ;   1741 ;    861 ;    681 ;    231 ;    523 ;    111 ;    802 ;    278 ;   -865 ;   1187 ;   -586 ;     16 ;   -200 ;      3 ;      5 ;    396 ;    335 ;    299 ;      5 ;      2 ;
2014-12-05 13:45 ;   1726 ;    868 ;    675 ;    234 ;    510 ;    117 ;    802 ;    278 ;   -859 ;   1166 ;   -586 ;     16 ;   -200 ;      3 ;      4 ;    396 ;    332 ;    295 ;      5 ;      2 ;
2014-12-05 13:50 ;   1737 ;    865 ;    658 ;    234 ;    486 ;    114 ;    802 ;    278 ;   -852 ;   1171 ;   -586 ;     15 ;   -198 ;      3 ;      3 ;    398 ;    321 ;    279 ;      5 ;      1 ;
2014-12-05 13:55 ;   1720 ;    862 ;    667 ;    234 ;    473 ;    119 ;    802 ;    278 ;   -854 ;   1180 ;   -586 ;     14 ;   -197 ;      3 ;      3 ;    398 ;    316 ;    276 ;      5 ;      1 ;
2014-12-05 14:00 ;   1656 ;    870 ;    662 ;    229 ;    461 ;    114 ;    802 ;    278 ;   -801 ;   1158 ;   -586 ;     14 ;   -196 ;      3 ;      5 ;    393 ;    315 ;    260 ;      5 ;      1 ;
2014-12-05 14:05 ;   1682 ;    872 ;    660 ;    229 ;    463 ;    116 ;    802 ;    278 ;   -748 ;   1051 ;   -585 ;     14 ;   -297 ;      3 ;      4 ;    399 ;    314 ;    265 ;      4 ;      1 ;
2014-12-05 14:10 ;   1772 ;    879 ;    655 ;    232 ;    460 ;    114 ;    801 ;    279 ;   -820 ;   1052 ;   -586 ;     14 ;   -299 ;      3 ;      4 ;    411 ;    314 ;    260 ;      4 ;      1 ;
2014-12-05 14:15 ;   1798 ;    883 ;    659 ;    225 ;    477 ;    109 ;    802 ;    279 ;   -873 ;   1040 ;   -586 ;     15 ;   -299 ;      3 ;      5 ;    417 ;    316 ;    270 ;      3 ;      1 ;
2014-12-05 14:20 ;   1809 ;    880 ;    669 ;    218 ;    494 ;    109 ;    802 ;    278 ;   -908 ;   1051 ;   -586 ;     15 ;   -299 ;      3 ;      5 ;    418 ;    315 ;    288 ;      3 ;      1 ;
2014-12-05 14:25 ;   1790 ;    882 ;    661 ;    222 ;    485 ;    102 ;    802 ;    278 ;   -894 ;   1046 ;   -586 ;     14 ;   -298 ;      3 ;      4 ;    418 ;    311 ;    276 ;      3 ;      1 ;
2014-12-05 14:30 ;   1770 ;    880 ;    663 ;    223 ;    496 ;    110 ;    802 ;    278 ;   -889 ;   1051 ;   -586 ;     15 ;   -298 ;      3 ;      4 ;    414 ;    324 ;    282 ;      3 ;      1 ;
2014-12-05 14:35 ;   1753 ;    878 ;    662 ;    218 ;    491 ;    116 ;    802 ;    279 ;   -880 ;   1043 ;   -586 ;     16 ;   -298 ;      3 ;      4 ;    413 ;    323 ;    284 ;      3 ;      1 ;
2014-12-05 14:40 ;   1754 ;    880 ;    662 ;    222 ;    483 ;    114 ;    801 ;    278 ;   -881 ;   1048 ;   -585 ;     15 ;   -298 ;      3 ;      4 ;    413 ;    317 ;    280 ;      3 ;      1 ;
2014-12-05 14:45 ;   1761 ;    884 ;    666 ;    220 ;    462 ;    118 ;    801 ;    278 ;   -885 ;   1049 ;   -585 ;     15 ;   -299 ;      3 ;      4 ;    416 ;    301 ;    279 ;      2 ;      0 ;
2014-12-05 14:50 ;   1738 ;    881 ;    668 ;    219 ;    449 ;    118 ;    803 ;    278 ;   -856 ;   1041 ;   -585 ;     15 ;   -296 ;      3 ;      4 ;    413 ;    295 ;    272 ;      2 ;      0 ;
2014-12-05 14:55 ;   1688 ;    878 ;    679 ;    223 ;    445 ;    120 ;    802 ;    278 ;   -889 ;   1100 ;   -585 ;     15 ;   -223 ;      3 ;      5 ;    408 ;    282 ;    282 ;      2 ;      0 ;
2014-12-05 15:00 ;   1650 ;    868 ;    686 ;    225 ;    425 ;    120 ;    802 ;    278 ;   -921 ;   1205 ;   -585 ;     14 ;   -147 ;      3 ;      5 ;    400 ;    269 ;    276 ;      2 ;      0 ;
2014-12-05 15:05 ;   1576 ;    861 ;    696 ;    223 ;    416 ;    116 ;    801 ;    279 ;   -859 ;   1214 ;   -585 ;     15 ;   -145 ;      3 ;      4 ;    390 ;    261 ;    270 ;      2 ;      0 ;
2014-12-05 15:10 ;   1573 ;    863 ;    689 ;    220 ;    419 ;    120 ;    802 ;    278 ;   -851 ;   1208 ;   -586 ;     14 ;   -146 ;      3 ;      5 ;    390 ;    265 ;    275 ;      2 ;      0 ;
2014-12-05 15:15 ;   1570 ;    868 ;    689 ;    223 ;    426 ;    119 ;    802 ;    278 ;   -850 ;   1191 ;   -585 ;     15 ;   -146 ;      3 ;      3 ;    391 ;    266 ;    279 ;      1 ;      0 ;
2014-12-05 15:20 ;   1548 ;    869 ;    688 ;    222 ;    415 ;    127 ;    801 ;    279 ;   -839 ;   1194 ;   -585 ;     14 ;   -146 ;      3 ;      3 ;    389 ;    268 ;    274 ;      1 ;      0 ;
2014-12-05 15:25 ;   1571 ;    873 ;    682 ;    225 ;    415 ;    128 ;    801 ;    278 ;   -842 ;   1187 ;   -585 ;     15 ;   -146 ;      3 ;      4 ;    391 ;    264 ;    279 ;      0 ;      0 ;
2014-12-05 15:30 ;   1591 ;    866 ;    666 ;    221 ;    410 ;    131 ;    801 ;    278 ;   -833 ;   1204 ;   -585 ;     14 ;   -147 ;      3 ;      4 ;    390 ;    255 ;    286 ;      0 ;      0 ;
2014-12-05 15:35 ;   1607 ;    854 ;    666 ;    220 ;    400 ;    137 ;    802 ;    278 ;   -833 ;   1222 ;   -585 ;     15 ;   -148 ;      3 ;      4 ;    389 ;    251 ;    286 ;      0 ;      0 ;
2014-12-05 15:40 ;   1625 ;    853 ;    659 ;    226 ;    385 ;    148 ;    801 ;    278 ;   -824 ;   1218 ;   -585 ;     14 ;   -147 ;      3 ;      3 ;    390 ;    250 ;    283 ;      0 ;      0 ;
2014-12-05 15:45 ;   1641 ;    835 ;    663 ;    228 ;    400 ;    154 ;    802 ;    278 ;   -878 ;   1238 ;   -585 ;     14 ;   -118 ;      3 ;      4 ;    390 ;    253 ;    301 ;      0 ;      0 ;
2014-12-05 15:50 ;   1689 ;    834 ;    652 ;    223 ;    398 ;    156 ;    802 ;    278 ;   -824 ;   1218 ;   -585 ;     14 ;   -180 ;      3 ;      3 ;    388 ;    252 ;    302 ;      0 ;      0 ;
2014-12-05 15:55 ;   1754 ;    822 ;    660 ;    239 ;    398 ;    154 ;    801 ;    278 ;   -856 ;   1203 ;   -585 ;     14 ;   -195 ;      3 ;      3 ;    394 ;    244 ;    308 ;      0 ;      0 ;
2014-12-05 16:00 ;   1820 ;    813 ;    684 ;    232 ;    400 ;    158 ;    802 ;    278 ;   -898 ;   1190 ;   -585 ;     14 ;   -231 ;      3 ;      4 ;    400 ;    243 ;    314 ;      0 ;      0 ;
2014-12-05 16:05 ;   1858 ;    819 ;    688 ;    238 ;    389 ;    156 ;    802 ;    278 ;   -896 ;   1158 ;   -585 ;     14 ;   -266 ;      3 ;      4 ;    404 ;    240 ;    305 ;      0 ;      0 ;
2014-12-05 16:10 ;   1889 ;    826 ;    717 ;    244 ;    383 ;    159 ;    802 ;    278 ;   -881 ;   1101 ;   -586 ;     14 ;   -303 ;      3 ;      3 ;    408 ;    235 ;    307 ;      0 ;      0 ;
2014-12-05 16:15 ;   1918 ;    830 ;    714 ;    246 ;    381 ;    163 ;    802 ;    279 ;   -844 ;   1072 ;   -585 ;     14 ;   -339 ;      3 ;      4 ;    409 ;    236 ;    309 ;      0 ;      0 ;
2014-12-05 16:20 ;   1942 ;    835 ;    718 ;    243 ;    380 ;    176 ;    802 ;    279 ;   -851 ;   1059 ;   -585 ;     13 ;   -339 ;      3 ;      4 ;    412 ;    240 ;    316 ;      0 ;      0 ;
2014-12-05 16:25 ;   1933 ;    846 ;    715 ;    245 ;    381 ;    177 ;    802 ;    278 ;   -830 ;   1084 ;   -586 ;     14 ;   -339 ;      3 ;      4 ;    408 ;    236 ;    322 ;      0 ;      0 ;
2014-12-05 16:30 ;   1932 ;    851 ;    722 ;    251 ;    368 ;    179 ;    802 ;    278 ;   -810 ;   1069 ;   -585 ;     14 ;   -339 ;      3 ;      4 ;    409 ;    232 ;    315 ;      0 ;      0 ;
2014-12-05 16:35 ;   1939 ;    853 ;    721 ;    228 ;    372 ;    179 ;    802 ;    278 ;   -865 ;   1139 ;   -585 ;     15 ;   -278 ;      3 ;      4 ;    409 ;    219 ;    332 ;      0 ;      0 ;
2014-12-05 16:40 ;   1946 ;    846 ;    724 ;    221 ;    373 ;    174 ;    802 ;    278 ;   -869 ;   1192 ;   -585 ;     15 ;   -264 ;      3 ;      3 ;    405 ;    218 ;    329 ;      0 ;      0 ;
2014-12-05 16:45 ;   1931 ;    831 ;    698 ;    222 ;    373 ;    179 ;    802 ;    278 ;   -872 ;   1258 ;   -586 ;     16 ;   -217 ;      3 ;      4 ;    399 ;    226 ;    326 ;      0 ;      0 ;
2014-12-05 16:50 ;   1951 ;    827 ;    688 ;    221 ;    365 ;    183 ;    802 ;    278 ;   -842 ;   1220 ;   -585 ;     16 ;   -257 ;      3 ;      3 ;    399 ;    224 ;    324 ;      0 ;      0 ;
2014-12-05 16:55 ;   1969 ;    828 ;    684 ;    218 ;    372 ;    176 ;    802 ;    278 ;   -785 ;   1162 ;   -585 ;     16 ;   -321 ;      3 ;      2 ;    401 ;    220 ;    328 ;      0 ;      0 ;
2014-12-05 17:00 ;   1928 ;    820 ;    682 ;    214 ;    366 ;    171 ;    802 ;    278 ;   -680 ;   1154 ;   -585 ;     16 ;   -361 ;      3 ;      3 ;    394 ;    216 ;    321 ;      0 ;      0 ;
2014-12-05 17:05 ;   1877 ;    831 ;    678 ;    216 ;    367 ;    170 ;    802 ;    278 ;   -591 ;   1106 ;   -586 ;     16 ;   -398 ;      3 ;      4 ;    389 ;    223 ;    313 ;      0 ;      0 ;
2014-12-05 17:10 ;   1840 ;    830 ;    683 ;    222 ;    368 ;    165 ;    802 ;    278 ;   -508 ;   1081 ;   -585 ;     18 ;   -436 ;      3 ;      3 ;    383 ;    222 ;    312 ;      0 ;      0 ;
2014-12-05 17:15 ;   1844 ;    825 ;    678 ;    219 ;    371 ;    162 ;    802 ;    278 ;   -449 ;   1058 ;   -585 ;     17 ;   -480 ;      3 ;      4 ;    382 ;    221 ;    313 ;      0 ;      0 ;
2014-12-05 17:20 ;   1847 ;    827 ;    678 ;    217 ;    362 ;    161 ;    802 ;    279 ;   -433 ;   1060 ;   -586 ;     18 ;   -480 ;      3 ;      5 ;    381 ;    211 ;    312 ;      0 ;      0 ;
2014-12-05 17:25 ;   1843 ;    825 ;    683 ;    219 ;    373 ;    157 ;    802 ;    279 ;   -418 ;   1065 ;   -585 ;     17 ;   -480 ;      3 ;      4 ;    379 ;    200 ;    330 ;      0 ;      0 ;
2014-12-05 17:30 ;   1839 ;    825 ;    683 ;    207 ;    372 ;    156 ;    802 ;    278 ;   -405 ;   1075 ;   -585 ;     18 ;   -480 ;      3 ;      3 ;    377 ;    195 ;    334 ;      0 ;      0 ;
2014-12-05 17:35 ;   1838 ;    832 ;    683 ;    203 ;    376 ;    152 ;    802 ;    279 ;   -396 ;   1081 ;   -585 ;     18 ;   -481 ;      3 ;      4 ;    376 ;    182 ;    347 ;      0 ;      0 ;
2014-12-05 17:40 ;   1843 ;    814 ;    681 ;    195 ;    368 ;    160 ;    802 ;    278 ;   -403 ;   1099 ;   -585 ;     17 ;   -480 ;      3 ;      5 ;    374 ;    182 ;    346 ;      0 ;      0 ;
2014-12-05 17:45 ;   1857 ;    806 ;    675 ;    183 ;    373 ;    169 ;    802 ;    278 ;   -415 ;   1120 ;   -585 ;     18 ;   -477 ;      3 ;      5 ;    372 ;    179 ;    363 ;      0 ;      0 ;
2014-12-05 17:50 ;   1831 ;    792 ;    677 ;    169 ;    378 ;    192 ;    802 ;    278 ;   -433 ;   1173 ;   -586 ;     17 ;   -441 ;      3 ;      4 ;    364 ;    198 ;    372 ;      0 ;      0 ;
2014-12-05 17:55 ;   1823 ;    783 ;    683 ;    176 ;    388 ;    196 ;    802 ;    278 ;   -448 ;   1162 ;   -585 ;     18 ;   -440 ;      3 ;      5 ;    365 ;    205 ;    378 ;      0 ;      0 ;
2014-12-05 18:00 ;   1785 ;    800 ;    684 ;    175 ;    394 ;    210 ;    802 ;    279 ;   -452 ;   1132 ;   -585 ;     17 ;   -429 ;      3 ;      5 ;    366 ;    229 ;    374 ;      0 ;      0 ;
2014-12-05 18:05 ;   1762 ;    801 ;    679 ;    179 ;    412 ;    212 ;    802 ;    278 ;   -451 ;   1114 ;   -585 ;     17 ;   -429 ;      3 ;      5 ;    364 ;    230 ;    394 ;      0 ;      0 ;
2014-12-05 18:10 ;   1787 ;    794 ;    666 ;    173 ;    416 ;    215 ;    802 ;    278 ;   -461 ;   1082 ;   -585 ;     17 ;   -459 ;      3 ;      5 ;    367 ;    240 ;    390 ;      0 ;      0 ;
2014-12-05 18:15 ;   1794 ;    795 ;    663 ;    178 ;    418 ;    204 ;    802 ;    278 ;   -497 ;   1069 ;   -585 ;     16 ;   -467 ;      3 ;      5 ;    372 ;    234 ;    388 ;      0 ;      0 ;
2014-12-05 18:20 ;   1785 ;    779 ;    656 ;    176 ;    427 ;    212 ;    802 ;    278 ;   -505 ;   1051 ;   -585 ;     16 ;   -467 ;      3 ;      5 ;    372 ;    243 ;    397 ;      0 ;      0 ;
2014-12-05 18:25 ;   1768 ;    788 ;    657 ;    174 ;    426 ;    209 ;    802 ;    278 ;   -480 ;   1019 ;   -585 ;     15 ;   -497 ;      3 ;      5 ;    372 ;    235 ;    399 ;      0 ;      0 ;
2014-12-05 18:30 ;   1777 ;    790 ;    658 ;    172 ;    431 ;    198 ;    802 ;    279 ;   -493 ;   1012 ;   -585 ;     14 ;   -498 ;      3 ;      4 ;    374 ;    229 ;    400 ;      0 ;      0 ;
2014-12-05 18:35 ;   1773 ;    783 ;    659 ;    178 ;    419 ;    188 ;    802 ;    278 ;   -512 ;   1008 ;   -585 ;     13 ;   -498 ;      3 ;      5 ;    376 ;    210 ;    397 ;      0 ;      0 ;
2014-12-05 18:40 ;   1762 ;    786 ;    658 ;    170 ;    424 ;    192 ;    802 ;    278 ;   -480 ;    951 ;   -585 ;     14 ;   -549 ;      3 ;      5 ;    376 ;    206 ;    410 ;      0 ;      0 ;
2014-12-05 18:45 ;   1767 ;    785 ;    658 ;    171 ;    419 ;    190 ;    802 ;    278 ;   -491 ;    950 ;   -586 ;     13 ;   -552 ;      3 ;      5 ;    377 ;    193 ;    416 ;      0 ;      0 ;
2014-12-05 18:50 ;   1746 ;    773 ;    660 ;    172 ;    412 ;    194 ;    802 ;    255 ;   -478 ;    962 ;   -585 ;     12 ;   -525 ;      3 ;      5 ;    374 ;    194 ;    412 ;      0 ;      0 ;
2014-12-05 18:55 ;   1697 ;    759 ;    659 ;    172 ;    426 ;    191 ;    802 ;    230 ;   -444 ;    985 ;   -586 ;     13 ;   -525 ;      3 ;      5 ;    369 ;    192 ;    425 ;      0 ;      0 ;
2014-12-05 19:00 ;   1626 ;    737 ;    648 ;    173 ;    426 ;    190 ;    802 ;    205 ;   -546 ;   1166 ;   -586 ;     13 ;   -330 ;      3 ;      3 ;    361 ;    191 ;    425 ;      0 ;      0 ;
2014-12-05 19:05 ;   1580 ;    728 ;    605 ;    162 ;    426 ;    189 ;    802 ;    181 ;   -487 ;   1212 ;   -586 ;     13 ;   -301 ;      3 ;      4 ;    352 ;    198 ;    417 ;      0 ;      0 ;
2014-12-05 19:10 ;   1577 ;    719 ;    559 ;    148 ;    430 ;    187 ;    802 ;    156 ;   -451 ;   1250 ;   -586 ;     12 ;   -278 ;      3 ;      4 ;    348 ;    195 ;    422 ;      0 ;      0 ;
2014-12-05 19:15 ;   1597 ;    709 ;    523 ;    146 ;    427 ;    182 ;    803 ;    131 ;   -464 ;   1281 ;   -585 ;     12 ;   -256 ;      3 ;      4 ;    350 ;    189 ;    419 ;      0 ;      0 ;
2014-12-05 19:20 ;   1577 ;    719 ;    481 ;    147 ;    430 ;    186 ;    802 ;    131 ;   -377 ;   1204 ;   -585 ;     11 ;   -306 ;      3 ;      5 ;    348 ;    195 ;    421 ;      0 ;      0 ;
2014-12-05 19:25 ;   1582 ;    713 ;    484 ;    148 ;    422 ;    188 ;    802 ;    130 ;   -398 ;   1192 ;   -585 ;     10 ;   -308 ;      3 ;      5 ;    350 ;    198 ;    412 ;      0 ;      0 ;
2014-12-05 19:30 ;   1591 ;    713 ;    489 ;    148 ;    418 ;    204 ;    802 ;    130 ;   -422 ;   1182 ;   -585 ;      9 ;   -309 ;      3 ;      4 ;    352 ;    204 ;    418 ;      0 ;      0 ;
2014-12-05 19:35 ;   1599 ;    722 ;    478 ;    148 ;    425 ;    227 ;    802 ;    130 ;   -448 ;   1132 ;   -585 ;      9 ;   -309 ;      3 ;      5 ;    357 ;    219 ;    433 ;      0 ;      0 ;
2014-12-05 19:40 ;   1586 ;    781 ;    480 ;    149 ;    425 ;    244 ;    802 ;    130 ;   -449 ;   1054 ;   -585 ;      9 ;   -305 ;      3 ;      5 ;    360 ;    247 ;    421 ;      0 ;      0 ;
2014-12-05 19:45 ;   1592 ;    771 ;    486 ;    146 ;    428 ;    265 ;    802 ;    130 ;   -481 ;   1014 ;   -585 ;      9 ;   -302 ;      3 ;      3 ;    362 ;    271 ;    423 ;      0 ;      0 ;
2014-12-05 19:50 ;   1558 ;    771 ;    485 ;    150 ;    440 ;    283 ;    802 ;    123 ;   -457 ;    980 ;   -585 ;     10 ;   -299 ;      3 ;      4 ;    358 ;    282 ;    442 ;      0 ;      0 ;
2014-12-05 19:55 ;   1537 ;    763 ;    479 ;    155 ;    427 ;    284 ;    802 ;    115 ;   -437 ;    965 ;   -585 ;     10 ;   -313 ;      3 ;      4 ;    357 ;    288 ;    422 ;      0 ;      0 ;
2014-12-05 20:00 ;   1501 ;    760 ;    457 ;    149 ;    438 ;    301 ;    802 ;     66 ;   -447 ;   1049 ;   -585 ;      9 ;   -204 ;      3 ;      4 ;    350 ;    298 ;    442 ;      0 ;      0 ;
2014-12-05 20:05 ;   1456 ;    739 ;    436 ;    152 ;    435 ;    312 ;    802 ;     17 ;   -352 ;   1040 ;   -585 ;      9 ;   -214 ;      3 ;      4 ;    344 ;    306 ;    440 ;      0 ;      0 ;
2014-12-05 20:10 ;   1457 ;    711 ;    393 ;    151 ;    433 ;    310 ;    802 ;      8 ;   -304 ;   1064 ;   -585 ;      9 ;   -215 ;      3 ;      4 ;    341 ;    303 ;    441 ;      0 ;      0 ;
2014-12-05 20:15 ;   1465 ;    729 ;    371 ;    147 ;    428 ;    311 ;    802 ;     -1 ;   -318 ;   1028 ;   -585 ;      8 ;   -215 ;      3 ;      5 ;    348 ;    295 ;    444 ;      0 ;      0 ;
2014-12-05 20:20 ;   1489 ;    739 ;    372 ;    149 ;    446 ;    294 ;    802 ;     -1 ;   -366 ;   1017 ;   -586 ;      8 ;   -216 ;      3 ;      4 ;    355 ;    292 ;    448 ;      0 ;      0 ;
2014-12-05 20:25 ;   1455 ;    749 ;    371 ;    148 ;    452 ;    277 ;    802 ;     -1 ;   -356 ;   1003 ;   -585 ;      8 ;   -216 ;      3 ;      3 ;    354 ;    282 ;    446 ;      0 ;      0 ;
2014-12-05 20:30 ;   1421 ;    771 ;    373 ;    146 ;    455 ;    281 ;    802 ;     -1 ;   -337 ;    977 ;   -585 ;      8 ;   -216 ;      3 ;      4 ;    354 ;    273 ;    463 ;      0 ;      0 ;
2014-12-05 20:35 ;   1421 ;    791 ;    368 ;    143 ;    443 ;    263 ;    802 ;     -1 ;   -338 ;    974 ;   -585 ;      8 ;   -216 ;      3 ;      4 ;    359 ;    260 ;    446 ;      0 ;      0 ;
2014-12-05 20:40 ;   1420 ;    800 ;    367 ;    147 ;    451 ;    264 ;    802 ;     -1 ;   -337 ;    960 ;   -585 ;      7 ;   -215 ;      3 ;      5 ;    361 ;    259 ;    456 ;      0 ;      0 ;
2014-12-05 20:45 ;   1417 ;    799 ;    364 ;    154 ;    449 ;    259 ;    802 ;     -1 ;   -356 ;    947 ;   -585 ;      7 ;   -215 ;      3 ;      4 ;    364 ;    264 ;    444 ;      0 ;      0 ;
2014-12-05 20:50 ;   1411 ;    799 ;    361 ;    148 ;    454 ;    253 ;    802 ;     -1 ;   -352 ;    907 ;   -585 ;      7 ;   -231 ;      4 ;      5 ;    367 ;    266 ;    442 ;      0 ;      0 ;
2014-12-05 20:55 ;   1395 ;    799 ;    366 ;    147 ;    461 ;    264 ;    802 ;     -1 ;   -345 ;    904 ;   -585 ;      7 ;   -248 ;      4 ;      5 ;    364 ;    280 ;    444 ;      0 ;      0 ;
2014-12-05 21:00 ;   1362 ;    799 ;    366 ;    148 ;    468 ;    267 ;    802 ;     -1 ;   -313 ;    880 ;   -585 ;      8 ;   -264 ;      4 ;      5 ;    360 ;    293 ;    442 ;      0 ;      0 ;
2014-12-05 21:05 ;   1317 ;    804 ;    338 ;    145 ;    490 ;    271 ;    802 ;     -1 ;   -294 ;    914 ;   -585 ;      6 ;   -224 ;      4 ;      5 ;    351 ;    306 ;    454 ;      0 ;      0 ;
2014-12-05 21:10 ;   1338 ;    805 ;    321 ;    146 ;    487 ;    280 ;    802 ;     -1 ;   -318 ;    859 ;   -585 ;      5 ;   -240 ;      4 ;      6 ;    359 ;    322 ;    445 ;      0 ;      0 ;
2014-12-05 21:15 ;   1368 ;    806 ;    319 ;    147 ;    495 ;    287 ;    802 ;     -1 ;   -333 ;    821 ;   -585 ;      2 ;   -256 ;      4 ;      6 ;    364 ;    326 ;    456 ;      0 ;      0 ;
2014-12-05 21:20 ;   1357 ;    807 ;    320 ;    150 ;    484 ;    297 ;    802 ;     -1 ;   -335 ;    818 ;   -585 ;      1 ;   -256 ;      4 ;      5 ;    364 ;    330 ;    450 ;      0 ;      0 ;
2014-12-05 21:25 ;   1359 ;    806 ;    319 ;    146 ;    480 ;    295 ;    802 ;     -1 ;   -336 ;    806 ;   -585 ;      2 ;   -255 ;      3 ;      5 ;    365 ;    320 ;    454 ;      0 ;      0 ;
2014-12-05 21:30 ;   1358 ;    803 ;    326 ;    138 ;    472 ;    310 ;    802 ;     -1 ;   -305 ;    727 ;   -585 ;      4 ;   -312 ;      4 ;      6 ;    367 ;    325 ;    458 ;      0 ;      0 ;
2014-12-05 21:35 ;   1379 ;    794 ;    318 ;    145 ;    462 ;    314 ;    802 ;     -1 ;   -306 ;    717 ;   -585 ;      3 ;   -312 ;      4 ;      5 ;    370 ;    313 ;    463 ;      0 ;      0 ;
2014-12-05 21:40 ;   1379 ;    786 ;    320 ;    147 ;    452 ;    320 ;    802 ;     -1 ;   -328 ;    700 ;   -585 ;      3 ;   -313 ;      4 ;      6 ;    372 ;    316 ;    456 ;      0 ;      0 ;
2014-12-05 21:45 ;   1358 ;    774 ;    320 ;    147 ;    465 ;    305 ;    802 ;     -1 ;   -329 ;    727 ;   -585 ;      6 ;   -313 ;      4 ;      5 ;    367 ;    311 ;    458 ;      0 ;      0 ;
2014-12-05 21:50 ;   1346 ;    762 ;    318 ;    144 ;    446 ;    317 ;    802 ;     -1 ;   -315 ;    736 ;   -585 ;      3 ;   -308 ;      4 ;      5 ;    365 ;    305 ;    458 ;      0 ;      0 ;
2014-12-05 21:55 ;   1364 ;    757 ;    321 ;    145 ;    419 ;    319 ;    802 ;     -1 ;   -337 ;    730 ;   -585 ;      1 ;   -304 ;      4 ;      6 ;    370 ;    296 ;    442 ;      0 ;      0 ;
2014-12-05 22:00 ;   1395 ;    741 ;    313 ;    146 ;    428 ;    335 ;    802 ;     -1 ;   -460 ;    818 ;   -585 ;      3 ;   -200 ;      4 ;      6 ;    372 ;    308 ;    455 ;      0 ;      0 ;
2014-12-05 22:05 ;   1431 ;    741 ;    319 ;    149 ;    418 ;    334 ;    802 ;     -1 ;   -647 ;    940 ;   -585 ;      4 ;    -65 ;      4 ;      5 ;    383 ;    315 ;    437 ;      0 ;      0 ;
2014-12-05 22:10 ;   1451 ;    739 ;    317 ;    147 ;    431 ;    349 ;    802 ;     -1 ;   -726 ;    922 ;   -585 ;      6 ;    -61 ;      4 ;      7 ;    390 ;    331 ;    449 ;      0 ;      0 ;
2014-12-05 22:15 ;   1439 ;    744 ;    312 ;    146 ;    439 ;    338 ;    802 ;     -1 ;   -721 ;    912 ;   -586 ;      8 ;    -61 ;      4 ;      5 ;    390 ;    330 ;    447 ;      0 ;      0 ;
2014-12-05 22:20 ;   1423 ;    745 ;    315 ;    148 ;    460 ;    341 ;    802 ;     -1 ;   -707 ;    893 ;   -585 ;      8 ;    -61 ;      4 ;      6 ;    386 ;    334 ;    467 ;      0 ;      0 ;
2014-12-05 22:25 ;   1410 ;    742 ;    316 ;    151 ;    465 ;    337 ;    802 ;     -1 ;   -732 ;    876 ;   -585 ;     11 ;    -61 ;      4 ;      5 ;    388 ;    334 ;    468 ;      0 ;      0 ;
2014-12-05 22:30 ;   1391 ;    734 ;    318 ;    147 ;    471 ;    325 ;    802 ;     -1 ;   -731 ;    900 ;   -585 ;     15 ;    -61 ;      4 ;      5 ;    383 ;    322 ;    474 ;      0 ;      0 ;
2014-12-05 22:35 ;   1385 ;    729 ;    317 ;    149 ;    497 ;    302 ;    802 ;     -1 ;   -725 ;    861 ;   -585 ;     15 ;   -105 ;      4 ;      5 ;    385 ;    326 ;    472 ;      0 ;      0 ;
2014-12-05 22:40 ;   1364 ;    733 ;    320 ;    137 ;    528 ;    297 ;    802 ;     -1 ;   -748 ;    854 ;   -585 ;     15 ;   -107 ;      4 ;      5 ;    384 ;    355 ;    469 ;      0 ;      0 ;
2014-12-05 22:45 ;   1334 ;    738 ;    315 ;    147 ;    551 ;    297 ;    802 ;     -1 ;   -745 ;    829 ;   -586 ;     15 ;   -107 ;      4 ;      5 ;    381 ;    371 ;    478 ;      0 ;      0 ;
2014-12-05 22:50 ;   1314 ;    745 ;    319 ;    144 ;    589 ;    302 ;    802 ;     -1 ;   -757 ;    801 ;   -585 ;     14 ;   -131 ;      4 ;      4 ;    380 ;    404 ;    487 ;      0 ;      0 ;
2014-12-05 22:55 ;   1293 ;    757 ;    319 ;    146 ;    624 ;    312 ;    802 ;     -1 ;   -742 ;    737 ;   -585 ;     13 ;   -155 ;      4 ;      4 ;    379 ;    441 ;    495 ;      0 ;      0 ;
2014-12-05 23:00 ;   1246 ;    770 ;    309 ;    141 ;    649 ;    320 ;    802 ;     -1 ;   -749 ;    725 ;   -585 ;     12 ;   -145 ;      4 ;      5 ;    376 ;    486 ;    483 ;      0 ;      0 ;
2014-12-05 23:05 ;   1215 ;    779 ;    313 ;    148 ;    673 ;    333 ;    802 ;     -1 ;   -740 ;    658 ;   -585 ;     10 ;   -168 ;      4 ;      4 ;    377 ;    520 ;    486 ;      0 ;      0 ;
2014-12-05 23:10 ;   1201 ;    790 ;    318 ;    144 ;    669 ;    337 ;    802 ;     -1 ;   -715 ;    615 ;   -585 ;     10 ;   -193 ;      4 ;      4 ;    378 ;    540 ;    466 ;      0 ;      0 ;
2014-12-05 23:15 ;   1213 ;    792 ;    304 ;    152 ;    696 ;    351 ;    802 ;     -1 ;   -713 ;    559 ;   -585 ;     10 ;   -217 ;      4 ;      4 ;    381 ;    557 ;    490 ;      0 ;      0 ;
2014-12-05 23:20 ;   1215 ;    794 ;    315 ;    150 ;    665 ;    349 ;    802 ;     -1 ;   -725 ;    556 ;   -585 ;     12 ;   -218 ;      4 ;      4 ;    386 ;    541 ;    474 ;      0 ;      0 ;
2014-12-05 23:25 ;   1218 ;    793 ;    310 ;    147 ;    658 ;    349 ;    802 ;     -1 ;   -728 ;    560 ;   -585 ;     11 ;   -217 ;      4 ;      4 ;    387 ;    528 ;    479 ;      0 ;      0 ;
2014-12-05 23:30 ;   1236 ;    792 ;    310 ;    145 ;    666 ;    350 ;    802 ;     -1 ;   -740 ;    523 ;   -585 ;     11 ;   -244 ;      4 ;      4 ;    393 ;    550 ;    466 ;      0 ;      0 ;
2014-12-05 23:35 ;   1231 ;    782 ;    309 ;    147 ;    692 ;    358 ;    802 ;     -1 ;   -755 ;    491 ;   -585 ;      9 ;   -254 ;      4 ;      4 ;    389 ;    586 ;    463 ;      0 ;      0 ;
2014-12-05 23:40 ;   1225 ;    773 ;    316 ;    147 ;    686 ;    365 ;    802 ;     -1 ;   -743 ;    474 ;   -585 ;     10 ;   -274 ;      4 ;      4 ;    387 ;    589 ;    462 ;      0 ;      0 ;
2014-12-05 23:45 ;   1239 ;    761 ;    307 ;    154 ;    661 ;    357 ;    802 ;     -1 ;   -746 ;    480 ;   -585 ;     10 ;   -263 ;      4 ;      4 ;    391 ;    568 ;    450 ;      0 ;      0 ;
2014-12-05 23:50 ;   1232 ;    739 ;    309 ;    142 ;    633 ;    359 ;    802 ;     -1 ;   -720 ;    486 ;   -585 ;      8 ;   -281 ;      4 ;      4 ;    391 ;    543 ;    449 ;      0 ;      0 ;
2014-12-05 23:55 ;   1227 ;    717 ;    311 ;    147 ;    634 ;    362 ;    802 ;     -1 ;   -719 ;    481 ;   -585 ;      5 ;   -290 ;      4 ;      5 ;    388 ;    540 ;    457 ;      0 ;      0 ;
