 1 Centrale kraftværker DK1
 2 Centrale kraftværker DK2
 3 Decentrale kraftværker DK1
 4 Decentrale kraftværker DK2
 5 Vindmøller DK1
 6 Vindmøller DK2
 7 Udveksling Jylland-Norge
 8 Udveksling Jylland-Sverige
 9 Udveksling Jylland-Tyskland
10 Udveksling Sjælland-Sverige
11 Udveksling Sjælland-Tyskland
12 Udveksling Bornholm-Sverige
13 Udveksling Fyn-Sjaelland
14 Temperatur i Malling
15 Vindhastighed i Malling
16 CO2 udledning
17 Havmøller DK
18 Landmøller DK
19 Solceller DK1
20 Solceller DK2
 
Dato og tid      ;      1 ;      2 ;      3 ;      4 ;      5 ;      6 ;      7 ;      8 ;      9 ;     10 ;     11 ;     12 ;     13 ;     14 ;     15 ;     16 ;     17 ;     18 ;     19 ;     20 ;
2014-07-20 00:00 ;    502 ;    143 ;    166 ;    115 ;   1008 ;    166 ;    678 ;     -1 ;   -458 ;    187 ;    209 ;     11 ;   -334 ;     18 ;      5 ;    203 ;    529 ;    646 ;      0 ;      0 ;
2014-07-20 00:05 ;    436 ;    150 ;    170 ;    119 ;    993 ;    160 ;    591 ;   -152 ;    -78 ;    -45 ;    349 ;     10 ;   -414 ;     18 ;      4 ;    226 ;    522 ;    631 ;      0 ;      0 ;
2014-07-20 00:10 ;    398 ;    137 ;    158 ;    115 ;    982 ;    158 ;    437 ;   -110 ;    175 ;   -159 ;    409 ;     10 ;   -498 ;     18 ;      5 ;    251 ;    509 ;    630 ;      0 ;      0 ;
2014-07-20 00:15 ;    450 ;    127 ;    164 ;    115 ;    972 ;    152 ;    360 ;     -1 ;    173 ;   -232 ;    410 ;     10 ;   -581 ;     18 ;      4 ;    266 ;    495 ;    629 ;      0 ;      0 ;
2014-07-20 00:20 ;    470 ;    129 ;    165 ;    114 ;    976 ;    141 ;    358 ;     -1 ;    144 ;   -246 ;    408 ;      9 ;   -582 ;     18 ;      4 ;    269 ;    492 ;    625 ;      0 ;      0 ;
2014-07-20 00:25 ;    478 ;    129 ;    162 ;    111 ;    990 ;    143 ;    358 ;     -1 ;    121 ;   -233 ;    409 ;      9 ;   -582 ;     18 ;      5 ;    267 ;    504 ;    628 ;      0 ;      0 ;
2014-07-20 00:30 ;    477 ;    128 ;    162 ;    117 ;    990 ;    140 ;    358 ;     -1 ;    107 ;   -256 ;    409 ;      8 ;   -582 ;     17 ;      5 ;    266 ;    504 ;    626 ;      0 ;      0 ;
2014-07-20 00:35 ;    472 ;    130 ;    163 ;    113 ;   1003 ;    147 ;    358 ;     -1 ;    102 ;   -270 ;    409 ;      8 ;   -582 ;     18 ;      5 ;    263 ;    515 ;    635 ;      0 ;      0 ;
2014-07-20 00:40 ;    460 ;    130 ;    168 ;    117 ;    998 ;    151 ;    358 ;     -1 ;    102 ;   -275 ;    409 ;      8 ;   -582 ;     18 ;      5 ;    261 ;    514 ;    635 ;      0 ;      0 ;
2014-07-20 00:45 ;    453 ;    126 ;    162 ;    117 ;    999 ;    162 ;    358 ;     -1 ;    110 ;   -284 ;    409 ;      7 ;   -582 ;     18 ;      5 ;    258 ;    523 ;    637 ;      0 ;      0 ;
2014-07-20 00:50 ;    475 ;    128 ;    159 ;    117 ;    984 ;    163 ;    286 ;     -1 ;    170 ;   -286 ;    409 ;      7 ;   -583 ;     18 ;      5 ;    272 ;    522 ;    624 ;      0 ;      0 ;
2014-07-20 00:55 ;    513 ;    125 ;    165 ;    114 ;    984 ;    170 ;    205 ;     -1 ;    188 ;   -307 ;    409 ;      7 ;   -584 ;     18 ;      4 ;    284 ;    529 ;    626 ;      0 ;      0 ;
2014-07-20 01:00 ;    493 ;    118 ;    171 ;    114 ;    990 ;    172 ;     53 ;    -50 ;    409 ;   -314 ;    418 ;      6 ;   -586 ;     18 ;      4 ;    298 ;    530 ;    632 ;      0 ;      0 ;
2014-07-20 01:05 ;    450 ;    127 ;    169 ;    116 ;    975 ;    179 ;    -91 ;    -50 ;    607 ;   -343 ;    425 ;      6 ;   -587 ;     18 ;      4 ;    302 ;    529 ;    625 ;      0 ;      0 ;
2014-07-20 01:10 ;    437 ;    124 ;    166 ;    115 ;    956 ;    180 ;   -166 ;    -50 ;    702 ;   -341 ;    426 ;      6 ;   -589 ;     18 ;      4 ;    303 ;    529 ;    607 ;      0 ;      0 ;
2014-07-20 01:15 ;    449 ;    121 ;    165 ;    114 ;    947 ;    184 ;   -236 ;    -50 ;    765 ;   -349 ;    426 ;      6 ;   -590 ;     18 ;      3 ;    304 ;    520 ;    610 ;      0 ;      0 ;
2014-07-20 01:20 ;    446 ;    124 ;    166 ;    114 ;    939 ;    182 ;   -242 ;    -50 ;    775 ;   -362 ;    426 ;      7 ;   -590 ;     18 ;      3 ;    305 ;    516 ;    605 ;      0 ;      0 ;
2014-07-20 01:25 ;    441 ;    121 ;    164 ;    114 ;    952 ;    179 ;   -243 ;    -50 ;    766 ;   -358 ;    426 ;      7 ;   -590 ;     17 ;      3 ;    302 ;    518 ;    613 ;      0 ;      0 ;
2014-07-20 01:30 ;    444 ;    121 ;    162 ;    113 ;    963 ;    170 ;   -243 ;    -50 ;    752 ;   -347 ;    426 ;      7 ;   -589 ;     17 ;      3 ;    301 ;    518 ;    615 ;      0 ;      0 ;
2014-07-20 01:35 ;    450 ;    119 ;    163 ;    111 ;    955 ;    169 ;   -242 ;    -50 ;    751 ;   -338 ;    426 ;      6 ;   -591 ;     18 ;      3 ;    304 ;    509 ;    614 ;      0 ;      0 ;
2014-07-20 01:40 ;    458 ;    119 ;    163 ;    116 ;    950 ;    165 ;   -243 ;    -50 ;    750 ;   -345 ;    427 ;      6 ;   -590 ;     18 ;      5 ;    306 ;    499 ;    616 ;      0 ;      0 ;
2014-07-20 01:45 ;    460 ;    120 ;    161 ;    116 ;    954 ;    160 ;   -243 ;    -50 ;    742 ;   -336 ;    426 ;      6 ;   -590 ;     18 ;      5 ;    306 ;    495 ;    620 ;      0 ;      0 ;
2014-07-20 01:50 ;    460 ;    120 ;    161 ;    117 ;    963 ;    157 ;   -280 ;    -58 ;    775 ;   -336 ;    426 ;      7 ;   -590 ;     18 ;      5 ;    305 ;    484 ;    637 ;      0 ;      0 ;
2014-07-20 01:55 ;    476 ;    118 ;    162 ;    112 ;    967 ;    152 ;   -320 ;    -65 ;    808 ;   -329 ;    425 ;      7 ;   -590 ;     18 ;      4 ;    307 ;    475 ;    644 ;      0 ;      0 ;
2014-07-20 02:00 ;    462 ;    116 ;    165 ;    113 ;    964 ;    152 ;   -486 ;    -72 ;    988 ;   -341 ;    448 ;      7 ;   -590 ;     18 ;      4 ;    306 ;    473 ;    643 ;      0 ;      0 ;
2014-07-20 02:05 ;    462 ;    123 ;    168 ;    115 ;    948 ;    149 ;   -645 ;    -80 ;   1182 ;   -370 ;    467 ;      7 ;   -590 ;     18 ;      4 ;    311 ;    459 ;    638 ;      0 ;      0 ;
2014-07-20 02:10 ;    467 ;    121 ;    158 ;    112 ;    944 ;    148 ;   -690 ;    -87 ;   1242 ;   -381 ;    470 ;      7 ;   -590 ;     18 ;      5 ;    312 ;    451 ;    641 ;      0 ;      0 ;
2014-07-20 02:15 ;    465 ;    120 ;    165 ;    113 ;    935 ;    154 ;   -726 ;    -94 ;   1296 ;   -382 ;    470 ;      7 ;   -590 ;     18 ;      5 ;    312 ;    444 ;    646 ;      0 ;      0 ;
2014-07-20 02:20 ;    461 ;    119 ;    163 ;    112 ;    944 ;    158 ;   -728 ;    -94 ;   1285 ;   -384 ;    470 ;      7 ;   -590 ;     18 ;      5 ;    309 ;    450 ;    652 ;      0 ;      0 ;
2014-07-20 02:25 ;    454 ;    118 ;    161 ;    113 ;    955 ;    160 ;   -728 ;    -94 ;   1280 ;   -386 ;    471 ;      7 ;   -590 ;     18 ;      5 ;    305 ;    453 ;    662 ;      0 ;      0 ;
2014-07-20 02:30 ;    451 ;    116 ;    165 ;    115 ;    943 ;    161 ;   -728 ;    -94 ;   1282 ;   -392 ;    470 ;      7 ;   -590 ;     18 ;      5 ;    305 ;    449 ;    655 ;      0 ;      0 ;
2014-07-20 02:35 ;    450 ;    119 ;    161 ;    112 ;    941 ;    162 ;   -728 ;    -94 ;   1293 ;   -396 ;    470 ;      8 ;   -589 ;     18 ;      5 ;    306 ;    452 ;    650 ;      0 ;      0 ;
2014-07-20 02:40 ;    454 ;    118 ;    169 ;    113 ;    930 ;    163 ;   -728 ;    -94 ;   1281 ;   -394 ;    470 ;      7 ;   -591 ;     17 ;      4 ;    308 ;    451 ;    642 ;      0 ;      0 ;
2014-07-20 02:45 ;    452 ;    117 ;    169 ;    115 ;    932 ;    153 ;   -728 ;    -94 ;   1289 ;   -396 ;    470 ;      7 ;   -590 ;     17 ;      3 ;    308 ;    441 ;    644 ;      0 ;      0 ;
2014-07-20 02:50 ;    460 ;    119 ;    164 ;    111 ;    915 ;    151 ;   -765 ;    -94 ;   1318 ;   -375 ;    470 ;      7 ;   -570 ;     17 ;      3 ;    313 ;    435 ;    631 ;      0 ;      0 ;
2014-07-20 02:55 ;    465 ;    118 ;    166 ;    112 ;    915 ;    149 ;   -803 ;    -73 ;   1292 ;   -337 ;    470 ;      6 ;   -533 ;     17 ;      4 ;    314 ;    435 ;    629 ;      0 ;      0 ;
2014-07-20 03:00 ;    452 ;    122 ;    166 ;    110 ;    913 ;    149 ;   -839 ;    -49 ;   1280 ;   -284 ;    452 ;      6 ;   -495 ;     18 ;      4 ;    314 ;    431 ;    631 ;      0 ;      0 ;
2014-07-20 03:05 ;    443 ;    132 ;    167 ;    111 ;    918 ;    157 ;   -873 ;    -25 ;   1264 ;   -239 ;    433 ;      5 ;   -456 ;     18 ;      4 ;    312 ;    432 ;    643 ;      0 ;      0 ;
2014-07-20 03:10 ;    437 ;    134 ;    168 ;    107 ;    920 ;    155 ;   -911 ;     -1 ;   1270 ;   -234 ;    431 ;      5 ;   -447 ;     17 ;      3 ;    311 ;    431 ;    644 ;      0 ;      0 ;
2014-07-20 03:15 ;    431 ;    131 ;    167 ;    105 ;    937 ;    148 ;   -942 ;     -1 ;   1265 ;   -192 ;    432 ;      6 ;   -421 ;     17 ;      3 ;    309 ;    432 ;    653 ;      0 ;      0 ;
2014-07-20 03:20 ;    432 ;    130 ;    161 ;    105 ;    938 ;    134 ;   -945 ;     -1 ;   1258 ;   -195 ;    432 ;      5 ;   -420 ;     17 ;      4 ;    309 ;    425 ;    648 ;      0 ;      0 ;
2014-07-20 03:25 ;    428 ;    132 ;    165 ;    105 ;    944 ;    129 ;   -946 ;     -1 ;   1261 ;   -191 ;    432 ;      5 ;   -421 ;     17 ;      4 ;    309 ;    420 ;    653 ;      0 ;      0 ;
2014-07-20 03:30 ;    425 ;    132 ;    165 ;    105 ;    944 ;    122 ;   -946 ;     -1 ;   1263 ;   -174 ;    431 ;      6 ;   -420 ;     17 ;      4 ;    311 ;    407 ;    659 ;      0 ;      0 ;
2014-07-20 03:35 ;    422 ;    131 ;    166 ;    107 ;    935 ;    116 ;   -946 ;     -1 ;   1259 ;   -173 ;    433 ;      5 ;   -421 ;     17 ;      3 ;    312 ;    400 ;    651 ;      0 ;      0 ;
2014-07-20 03:40 ;    417 ;    132 ;    164 ;    103 ;    937 ;    113 ;   -945 ;     -1 ;   1266 ;   -174 ;    433 ;      5 ;   -420 ;     17 ;      3 ;    312 ;    396 ;    653 ;      0 ;      0 ;
2014-07-20 03:45 ;    416 ;    130 ;    172 ;    105 ;    936 ;    107 ;   -945 ;     -1 ;   1262 ;   -174 ;    432 ;      5 ;   -420 ;     17 ;      3 ;    312 ;    393 ;    650 ;      0 ;      0 ;
2014-07-20 03:50 ;    416 ;    129 ;    167 ;    103 ;    942 ;     99 ;   -947 ;     -1 ;   1258 ;   -168 ;    431 ;      5 ;   -420 ;     17 ;      3 ;    312 ;    395 ;    646 ;      0 ;      0 ;
2014-07-20 03:55 ;    419 ;    128 ;    170 ;    103 ;    935 ;    101 ;   -947 ;     -1 ;   1256 ;   -114 ;    378 ;      5 ;   -420 ;     17 ;      3 ;    313 ;    391 ;    644 ;      0 ;      0 ;
2014-07-20 04:00 ;    417 ;    128 ;    169 ;    103 ;    946 ;    104 ;   -949 ;     -1 ;   1259 ;     13 ;    242 ;      5 ;   -421 ;     17 ;      3 ;    308 ;    402 ;    648 ;      0 ;      0 ;
2014-07-20 04:05 ;    416 ;    132 ;    167 ;    105 ;    939 ;    106 ;   -949 ;     -1 ;   1267 ;    136 ;    100 ;      6 ;   -421 ;     17 ;      3 ;    300 ;    397 ;    648 ;      0 ;      0 ;
2014-07-20 04:10 ;    405 ;    134 ;    167 ;    104 ;    939 ;    105 ;   -950 ;     -1 ;   1285 ;    188 ;     45 ;      6 ;   -422 ;     17 ;      3 ;    296 ;    388 ;    655 ;      0 ;      0 ;
2014-07-20 04:15 ;    403 ;    132 ;    168 ;    103 ;    938 ;    111 ;   -951 ;     -1 ;   1285 ;    181 ;     43 ;      6 ;   -421 ;     16 ;      3 ;    295 ;    394 ;    656 ;      0 ;      0 ;
2014-07-20 04:20 ;    398 ;    131 ;    167 ;    104 ;    923 ;    113 ;   -951 ;     -1 ;   1302 ;    163 ;     43 ;      6 ;   -421 ;     16 ;      3 ;    296 ;    385 ;    652 ;      0 ;      0 ;
2014-07-20 04:25 ;    400 ;    128 ;    161 ;    105 ;    921 ;    121 ;   -951 ;     -1 ;   1296 ;    149 ;     43 ;      7 ;   -421 ;     16 ;      4 ;    295 ;    397 ;    645 ;      0 ;      0 ;
2014-07-20 04:30 ;    397 ;    128 ;    164 ;    108 ;    922 ;    118 ;   -951 ;     -1 ;   1283 ;    151 ;     43 ;      6 ;   -420 ;     16 ;      4 ;    294 ;    396 ;    644 ;      0 ;      0 ;
2014-07-20 04:35 ;    392 ;    126 ;    163 ;    102 ;    922 ;    120 ;   -951 ;     -1 ;   1285 ;    146 ;     43 ;      6 ;   -421 ;     16 ;      4 ;    292 ;    395 ;    648 ;      0 ;      0 ;
2014-07-20 04:40 ;    398 ;    124 ;    173 ;    105 ;    924 ;    125 ;   -951 ;     -1 ;   1277 ;    149 ;     44 ;      5 ;   -421 ;     17 ;      4 ;    292 ;    399 ;    650 ;      0 ;      0 ;
2014-07-20 04:45 ;    405 ;    122 ;    165 ;    105 ;    911 ;    124 ;   -951 ;     -1 ;   1276 ;    144 ;     43 ;      5 ;   -422 ;     17 ;      4 ;    294 ;    405 ;    629 ;      0 ;      0 ;
2014-07-20 04:50 ;    405 ;    122 ;    167 ;    103 ;    914 ;    126 ;   -952 ;     -1 ;   1259 ;    144 ;     43 ;      4 ;   -414 ;     17 ;      3 ;    292 ;    412 ;    628 ;      0 ;      0 ;
2014-07-20 04:55 ;    398 ;    120 ;    170 ;    106 ;    921 ;    127 ;   -952 ;     -1 ;   1257 ;    149 ;     43 ;      4 ;   -404 ;     17 ;      3 ;    290 ;    417 ;    630 ;      0 ;      0 ;
2014-07-20 05:00 ;    404 ;    120 ;    160 ;    104 ;    903 ;    136 ;   -951 ;     -1 ;   1256 ;     62 ;    139 ;      4 ;   -398 ;     17 ;      2 ;    298 ;    426 ;    613 ;      0 ;      0 ;
2014-07-20 05:05 ;    437 ;    118 ;    164 ;    104 ;    895 ;    136 ;   -951 ;     -1 ;   1231 ;    -36 ;    246 ;      5 ;   -389 ;     17 ;      3 ;    308 ;    426 ;    605 ;      0 ;      0 ;
2014-07-20 05:10 ;    474 ;    117 ;    165 ;    102 ;    893 ;    138 ;   -952 ;     -1 ;   1183 ;    -26 ;    247 ;      3 ;   -379 ;     17 ;      3 ;    311 ;    427 ;    604 ;      1 ;      0 ;
2014-07-20 05:15 ;    471 ;    119 ;    169 ;    105 ;    895 ;    146 ;   -951 ;     -1 ;   1178 ;    -31 ;    246 ;      4 ;   -372 ;     17 ;      3 ;    309 ;    432 ;    609 ;      1 ;      1 ;
2014-07-20 05:20 ;    471 ;    120 ;    173 ;    105 ;    885 ;    157 ;   -952 ;     -1 ;   1175 ;    -33 ;    247 ;      4 ;   -371 ;     17 ;      3 ;    309 ;    436 ;    605 ;      2 ;      1 ;
2014-07-20 05:25 ;    468 ;    121 ;    166 ;    103 ;    885 ;    175 ;   -952 ;     -1 ;   1174 ;    -50 ;    247 ;      4 ;   -370 ;     17 ;      3 ;    304 ;    450 ;    610 ;      3 ;      1 ;
2014-07-20 05:30 ;    468 ;    122 ;    168 ;    104 ;    868 ;    185 ;   -952 ;     -1 ;   1200 ;    -68 ;    247 ;      5 ;   -372 ;     17 ;      4 ;    306 ;    452 ;    601 ;      4 ;      1 ;
2014-07-20 05:35 ;    486 ;    121 ;    167 ;    100 ;    848 ;    197 ;   -952 ;     -1 ;   1203 ;    -82 ;    247 ;      5 ;   -371 ;     17 ;      3 ;    309 ;    462 ;    583 ;      5 ;      2 ;
2014-07-20 05:40 ;    500 ;    121 ;    170 ;    105 ;    830 ;    220 ;   -952 ;     -1 ;   1195 ;    -88 ;    247 ;      5 ;   -371 ;     17 ;      3 ;    310 ;    476 ;    575 ;      6 ;      2 ;
2014-07-20 05:45 ;    506 ;    120 ;    169 ;    101 ;    834 ;    228 ;   -952 ;     -1 ;   1193 ;   -100 ;    247 ;      5 ;   -371 ;     18 ;      4 ;    308 ;    481 ;    582 ;      7 ;      2 ;
2014-07-20 05:50 ;    486 ;    120 ;    166 ;    101 ;    832 ;    221 ;   -929 ;     -1 ;   1208 ;   -102 ;    247 ;      4 ;   -386 ;     18 ;      3 ;    308 ;    475 ;    579 ;      9 ;      3 ;
2014-07-20 05:55 ;    496 ;    120 ;    163 ;    106 ;    831 ;    205 ;   -907 ;     -1 ;   1188 ;   -114 ;    247 ;      4 ;   -402 ;     18 ;      4 ;    311 ;    466 ;    570 ;     10 ;      3 ;
2014-07-20 06:00 ;    516 ;    120 ;    169 ;    104 ;    830 ;    200 ;   -881 ;     -1 ;   1163 ;   -148 ;    285 ;      3 ;   -419 ;     18 ;      3 ;    316 ;    458 ;    572 ;     12 ;      4 ;
2014-07-20 06:05 ;    480 ;    116 ;    170 ;    106 ;    841 ;    200 ;   -858 ;     -1 ;   1198 ;   -181 ;    324 ;      3 ;   -436 ;     18 ;      3 ;    312 ;    465 ;    576 ;     13 ;      5 ;
2014-07-20 06:10 ;    465 ;    114 ;    169 ;    101 ;    829 ;    207 ;   -835 ;     -1 ;   1208 ;   -197 ;    328 ;      2 ;   -444 ;     18 ;      2 ;    310 ;    474 ;    562 ;     15 ;      5 ;
2014-07-20 06:15 ;    443 ;    115 ;    178 ;    101 ;    834 ;    212 ;   -811 ;     -1 ;   1206 ;   -208 ;    326 ;      2 ;   -445 ;     19 ;      3 ;    306 ;    487 ;    559 ;     16 ;      6 ;
2014-07-20 06:20 ;    449 ;    118 ;    174 ;    106 ;    829 ;    213 ;   -811 ;     -1 ;   1215 ;   -206 ;    327 ;      3 ;   -445 ;     19 ;      4 ;    309 ;    486 ;    556 ;     18 ;      7 ;
2014-07-20 06:25 ;    452 ;    124 ;    176 ;    107 ;    827 ;    211 ;   -811 ;     -1 ;   1215 ;   -207 ;    327 ;      5 ;   -446 ;     19 ;      3 ;    310 ;    492 ;    547 ;     19 ;      8 ;
2014-07-20 06:30 ;    428 ;    126 ;    169 ;    103 ;    811 ;    209 ;   -811 ;     -1 ;   1233 ;   -184 ;    327 ;      4 ;   -420 ;     19 ;      2 ;    311 ;    499 ;    522 ;     21 ;      9 ;
2014-07-20 06:35 ;    458 ;    128 ;    170 ;    104 ;    817 ;    213 ;   -811 ;     -1 ;   1207 ;   -180 ;    328 ;      5 ;   -419 ;     19 ;      3 ;    314 ;    505 ;    525 ;     24 ;     10 ;
2014-07-20 06:40 ;    464 ;    130 ;    166 ;    104 ;    812 ;    228 ;   -811 ;     -1 ;   1212 ;   -197 ;    327 ;      4 ;   -419 ;     20 ;      3 ;    312 ;    516 ;    524 ;     27 ;     10 ;
2014-07-20 06:45 ;    460 ;    131 ;    170 ;    106 ;    818 ;    239 ;   -811 ;     -1 ;   1214 ;   -208 ;    327 ;      5 ;   -418 ;     20 ;      3 ;    309 ;    532 ;    525 ;     29 ;     11 ;
2014-07-20 06:50 ;    449 ;    133 ;    170 ;    108 ;    822 ;    269 ;   -764 ;   -106 ;   1191 ;   -146 ;    327 ;      5 ;   -324 ;     20 ;      3 ;    301 ;    562 ;    529 ;     31 ;     13 ;
2014-07-20 06:55 ;    450 ;    132 ;    171 ;    115 ;    812 ;    265 ;   -710 ;   -251 ;   1199 ;    -46 ;    327 ;      6 ;   -232 ;     20 ;      3 ;    304 ;    558 ;    519 ;     34 ;     15 ;
2014-07-20 07:00 ;    454 ;    148 ;    173 ;    109 ;    799 ;    271 ;   -662 ;   -318 ;   1213 ;     17 ;    265 ;      6 ;   -218 ;     20 ;      3 ;    308 ;    558 ;    512 ;     37 ;     16 ;
2014-07-20 07:05 ;    446 ;    140 ;    172 ;    116 ;    795 ;    271 ;   -609 ;   -360 ;   1215 ;    104 ;    201 ;      6 ;   -207 ;     21 ;      3 ;    309 ;    564 ;    502 ;     40 ;     18 ;
2014-07-20 07:10 ;    437 ;    140 ;    178 ;    111 ;    782 ;    281 ;   -557 ;   -404 ;   1228 ;    115 ;    199 ;      5 ;   -196 ;     21 ;      3 ;    309 ;    556 ;    507 ;     41 ;     19 ;
2014-07-20 07:15 ;    434 ;    143 ;    178 ;    121 ;    780 ;    280 ;   -505 ;   -448 ;   1228 ;    130 ;    199 ;      5 ;   -184 ;     21 ;      3 ;    311 ;    553 ;    507 ;     45 ;     22 ;
2014-07-20 07:20 ;    439 ;    145 ;    174 ;    114 ;    768 ;    276 ;   -505 ;   -448 ;   1247 ;    145 ;    199 ;      8 ;   -183 ;     21 ;      2 ;    315 ;    550 ;    495 ;     50 ;     23 ;
2014-07-20 07:25 ;    453 ;    159 ;    169 ;    115 ;    773 ;    258 ;   -505 ;   -448 ;   1237 ;    167 ;    198 ;      6 ;   -183 ;     21 ;      4 ;    323 ;    538 ;    493 ;     54 ;     24 ;
2014-07-20 07:30 ;    458 ;    159 ;    175 ;    118 ;    769 ;    248 ;   -505 ;   -448 ;   1242 ;    166 ;    199 ;      6 ;   -183 ;     21 ;      3 ;    325 ;    534 ;    482 ;     57 ;     26 ;
2014-07-20 07:35 ;    468 ;    153 ;    170 ;    118 ;    772 ;    249 ;   -505 ;   -448 ;   1248 ;    173 ;    198 ;      5 ;   -184 ;     21 ;      3 ;    325 ;    539 ;    481 ;     61 ;     29 ;
2014-07-20 07:40 ;    474 ;    165 ;    175 ;    117 ;    749 ;    250 ;   -505 ;   -447 ;   1253 ;    183 ;    200 ;      5 ;   -183 ;     21 ;      3 ;    331 ;    534 ;    465 ;     67 ;     30 ;
2014-07-20 07:45 ;    476 ;    163 ;    168 ;    114 ;    738 ;    251 ;   -505 ;   -448 ;   1260 ;    187 ;    199 ;      6 ;   -183 ;     21 ;      3 ;    332 ;    530 ;    459 ;     74 ;     33 ;
2014-07-20 07:50 ;    476 ;    165 ;    174 ;    114 ;    731 ;    253 ;   -470 ;   -459 ;   1248 ;    183 ;    198 ;      6 ;   -193 ;     22 ;      4 ;    332 ;    523 ;    461 ;     78 ;     35 ;
2014-07-20 07:55 ;    476 ;    174 ;    166 ;    109 ;    761 ;    270 ;   -436 ;   -474 ;   1241 ;    100 ;    252 ;      7 ;   -207 ;     22 ;      5 ;    327 ;    547 ;    485 ;     80 ;     37 ;
2014-07-20 08:00 ;    476 ;    173 ;    172 ;    108 ;    774 ;    273 ;   -353 ;   -486 ;   1259 ;   -136 ;    380 ;      7 ;   -305 ;     22 ;      4 ;    323 ;    568 ;    480 ;     83 ;     41 ;
2014-07-20 08:05 ;    454 ;    160 ;    171 ;    111 ;    778 ;    285 ;   -267 ;   -500 ;   1241 ;   -245 ;    514 ;      6 ;   -321 ;     21 ;      5 ;    321 ;    576 ;    486 ;     86 ;     42 ;
2014-07-20 08:10 ;    437 ;    153 ;    171 ;    115 ;    778 ;    287 ;   -231 ;   -515 ;   1259 ;   -303 ;    569 ;      6 ;   -334 ;     21 ;      4 ;    320 ;    563 ;    502 ;     90 ;     42 ;
2014-07-20 08:15 ;    429 ;    153 ;    170 ;    118 ;    823 ;    291 ;   -198 ;   -527 ;   1249 ;   -321 ;    571 ;      7 ;   -347 ;     22 ;      6 ;    311 ;    566 ;    548 ;     99 ;     45 ;
2014-07-20 08:20 ;    430 ;    139 ;    170 ;    117 ;    814 ;    303 ;   -194 ;   -530 ;   1247 ;   -324 ;    571 ;      6 ;   -347 ;     21 ;      4 ;    307 ;    568 ;    549 ;    103 ;     47 ;
2014-07-20 08:25 ;    430 ;    149 ;    168 ;    112 ;    818 ;    320 ;   -194 ;   -529 ;   1244 ;   -348 ;    570 ;     10 ;   -347 ;     22 ;      5 ;    304 ;    579 ;    559 ;    106 ;     52 ;
2014-07-20 08:30 ;    429 ;    168 ;    168 ;    112 ;    858 ;    336 ;   -194 ;   -529 ;   1226 ;   -365 ;    571 ;      8 ;   -347 ;     22 ;      3 ;    299 ;    587 ;    606 ;    111 ;     55 ;
2014-07-20 08:35 ;    429 ;    177 ;    173 ;    112 ;    857 ;    344 ;   -194 ;   -529 ;   1217 ;   -384 ;    570 ;      8 ;   -347 ;     22 ;      4 ;    297 ;    594 ;    607 ;    116 ;     58 ;
2014-07-20 08:40 ;    427 ;    187 ;    180 ;    113 ;    866 ;    362 ;   -194 ;   -530 ;   1219 ;   -386 ;    570 ;      9 ;   -347 ;     22 ;      3 ;    295 ;    594 ;    634 ;    124 ;     62 ;
2014-07-20 08:45 ;    427 ;    187 ;    170 ;    113 ;    879 ;    377 ;   -194 ;   -530 ;   1215 ;   -386 ;    570 ;      9 ;   -347 ;     22 ;      5 ;    292 ;    608 ;    648 ;    127 ;     63 ;
2014-07-20 08:50 ;    425 ;    190 ;    173 ;    117 ;    886 ;    379 ;   -161 ;   -545 ;   1200 ;   -398 ;    570 ;      9 ;   -347 ;     22 ;      4 ;    290 ;    602 ;    663 ;    134 ;     64 ;
2014-07-20 08:55 ;    413 ;    192 ;    173 ;    112 ;    923 ;    375 ;   -130 ;   -564 ;   1174 ;   -402 ;    570 ;      8 ;   -347 ;     21 ;      5 ;    283 ;    608 ;    690 ;    141 ;     71 ;
2014-07-20 09:00 ;    410 ;    198 ;    168 ;    111 ;    924 ;    376 ;    -96 ;   -582 ;   1165 ;   -401 ;    583 ;      8 ;   -347 ;     21 ;      6 ;    284 ;    598 ;    703 ;    147 ;     71 ;
2014-07-20 09:05 ;    417 ;    191 ;    168 ;    118 ;    963 ;    369 ;    -66 ;   -600 ;   1086 ;   -362 ;    597 ;      9 ;   -305 ;     21 ;      4 ;    279 ;    595 ;    736 ;    153 ;     74 ;
2014-07-20 09:10 ;    421 ;    187 ;    169 ;    113 ;    972 ;    382 ;    -33 ;   -617 ;   1035 ;   -351 ;    600 ;      8 ;   -302 ;     21 ;      5 ;    275 ;    598 ;    756 ;    161 ;     75 ;
2014-07-20 09:15 ;    426 ;    189 ;    173 ;    116 ;    993 ;    378 ;     -2 ;   -637 ;    990 ;   -373 ;    600 ;      6 ;   -302 ;     21 ;      5 ;    269 ;    596 ;    775 ;    167 ;     78 ;
2014-07-20 09:20 ;    423 ;    192 ;    165 ;    120 ;   1011 ;    388 ;     -2 ;   -638 ;    979 ;   -362 ;    601 ;      5 ;   -302 ;     21 ;      5 ;    266 ;    609 ;    790 ;    175 ;     80 ;
2014-07-20 09:25 ;    429 ;    192 ;    165 ;    121 ;   1052 ;    389 ;     -2 ;   -638 ;   1014 ;   -421 ;    600 ;      7 ;   -366 ;     21 ;      4 ;    261 ;    603 ;    838 ;    176 ;     81 ;
2014-07-20 09:30 ;    431 ;    180 ;    167 ;    119 ;   1076 ;    395 ;     -2 ;   -638 ;    995 ;   -424 ;    601 ;      6 ;   -368 ;     21 ;      5 ;    254 ;    610 ;    861 ;    190 ;     84 ;
2014-07-20 09:35 ;    427 ;    166 ;    170 ;    119 ;   1089 ;    404 ;     -2 ;   -638 ;   1005 ;   -420 ;    600 ;      6 ;   -368 ;     21 ;      5 ;    249 ;    597 ;    896 ;    191 ;     88 ;
2014-07-20 09:40 ;    427 ;    182 ;    171 ;    117 ;   1091 ;    413 ;     -2 ;   -639 ;   1059 ;   -526 ;    600 ;      5 ;   -458 ;     22 ;      5 ;    248 ;    604 ;    900 ;    193 ;     88 ;
2014-07-20 09:45 ;    431 ;    185 ;    169 ;    121 ;   1116 ;    420 ;     -2 ;   -638 ;   1060 ;   -569 ;    600 ;      6 ;   -468 ;     22 ;      6 ;    242 ;    607 ;    929 ;    202 ;     91 ;
2014-07-20 09:50 ;    426 ;    187 ;    169 ;    126 ;   1140 ;    446 ;     -2 ;   -651 ;   1046 ;   -608 ;    600 ;      6 ;   -468 ;     22 ;      3 ;    233 ;    617 ;    969 ;    206 ;     89 ;
2014-07-20 09:55 ;    430 ;    191 ;    169 ;    123 ;   1195 ;    449 ;     -2 ;   -669 ;   1016 ;   -617 ;    601 ;      6 ;   -468 ;     22 ;      6 ;    225 ;    631 ;   1013 ;    215 ;     90 ;
2014-07-20 10:00 ;    427 ;    186 ;    173 ;    120 ;   1248 ;    454 ;     -2 ;   -686 ;    895 ;   -457 ;    541 ;      8 ;   -379 ;     22 ;      6 ;    216 ;    637 ;   1064 ;    220 ;     89 ;
2014-07-20 10:05 ;    417 ;    184 ;    170 ;    128 ;   1240 ;    453 ;     -2 ;   -702 ;    991 ;   -467 ;    469 ;      6 ;   -449 ;     22 ;      5 ;    214 ;    630 ;   1063 ;    216 ;     88 ;
2014-07-20 10:10 ;    439 ;    180 ;    170 ;    118 ;   1224 ;    454 ;     -2 ;   -719 ;   1022 ;   -468 ;    470 ;      6 ;   -472 ;     22 ;      5 ;    217 ;    634 ;   1044 ;    222 ;     93 ;
2014-07-20 10:15 ;    442 ;    177 ;    173 ;    122 ;   1275 ;    434 ;     -2 ;   -732 ;    990 ;   -448 ;    469 ;      6 ;   -471 ;     22 ;      5 ;    212 ;    627 ;   1083 ;    231 ;     94 ;
2014-07-20 10:20 ;    445 ;    168 ;    171 ;    117 ;   1268 ;    449 ;     -2 ;   -735 ;    978 ;   -447 ;    471 ;      7 ;   -471 ;     23 ;      4 ;    209 ;    635 ;   1082 ;    236 ;     97 ;
2014-07-20 10:25 ;    444 ;    171 ;    174 ;    125 ;   1274 ;    431 ;     -2 ;   -735 ;    968 ;   -448 ;    469 ;      5 ;   -471 ;     23 ;      5 ;    208 ;    629 ;   1076 ;    239 ;    100 ;
2014-07-20 10:30 ;    438 ;    173 ;    177 ;    116 ;   1263 ;    454 ;     -2 ;   -736 ;    963 ;   -461 ;    469 ;      6 ;   -473 ;     23 ;      6 ;    205 ;    641 ;   1075 ;    241 ;    103 ;
2014-07-20 10:35 ;    433 ;    173 ;    173 ;    117 ;   1310 ;    453 ;     -2 ;   -735 ;    939 ;   -457 ;    470 ;      4 ;   -473 ;     23 ;      5 ;    199 ;    651 ;   1113 ;    247 ;    102 ;
2014-07-20 10:40 ;    432 ;    174 ;    172 ;    121 ;   1328 ;    443 ;     -2 ;   -735 ;    927 ;   -471 ;    470 ;      4 ;   -473 ;     23 ;      6 ;    196 ;    654 ;   1117 ;    238 ;    107 ;
2014-07-20 10:45 ;    432 ;    170 ;    174 ;    121 ;   1360 ;    452 ;     -2 ;   -735 ;    920 ;   -481 ;    470 ;      6 ;   -473 ;     23 ;      6 ;    191 ;    667 ;   1144 ;    240 ;    110 ;
2014-07-20 10:50 ;    431 ;    172 ;    174 ;    124 ;   1379 ;    467 ;     -2 ;   -735 ;    882 ;   -487 ;    470 ;      4 ;   -473 ;     23 ;      6 ;    185 ;    673 ;   1173 ;    246 ;    108 ;
2014-07-20 10:55 ;    431 ;    172 ;    177 ;    127 ;   1365 ;    486 ;   -128 ;   -735 ;   1000 ;   -489 ;    470 ;      5 ;   -473 ;     23 ;      7 ;    184 ;    683 ;   1168 ;    252 ;    110 ;
2014-07-20 11:00 ;    445 ;    173 ;    171 ;    133 ;   1404 ;    475 ;   -282 ;   -735 ;   1028 ;   -362 ;    459 ;      3 ;   -353 ;     23 ;      6 ;    183 ;    682 ;   1196 ;    256 ;    113 ;
2014-07-20 11:05 ;    436 ;    171 ;    173 ;    130 ;   1427 ;    463 ;   -284 ;   -735 ;   1027 ;   -323 ;    445 ;      3 ;   -351 ;     23 ;      6 ;    183 ;    686 ;   1204 ;    258 ;    115 ;
2014-07-20 11:10 ;    428 ;    172 ;    173 ;    121 ;   1428 ;    483 ;   -284 ;   -736 ;   1004 ;   -352 ;    446 ;      4 ;   -352 ;     23 ;      4 ;    175 ;    696 ;   1215 ;    248 ;    114 ;
2014-07-20 11:15 ;    426 ;    171 ;    176 ;    128 ;   1451 ;    487 ;   -284 ;   -735 ;    978 ;   -352 ;    445 ;      4 ;   -352 ;     24 ;      7 ;    171 ;    704 ;   1235 ;    254 ;    119 ;
2014-07-20 11:20 ;    421 ;    170 ;    174 ;    123 ;   1466 ;    469 ;   -284 ;   -735 ;    998 ;   -357 ;    444 ;      3 ;   -360 ;     24 ;      4 ;    171 ;    709 ;   1226 ;    259 ;    119 ;
2014-07-20 11:25 ;    420 ;    170 ;    172 ;    125 ;   1493 ;    485 ;   -284 ;   -735 ;    975 ;   -367 ;    444 ;      1 ;   -360 ;     24 ;      2 ;    165 ;    719 ;   1259 ;    258 ;    119 ;
2014-07-20 11:30 ;    418 ;    165 ;    170 ;    131 ;   1525 ;    499 ;   -284 ;   -735 ;    981 ;   -374 ;    445 ;      3 ;   -360 ;     24 ;      6 ;    161 ;    720 ;   1304 ;    261 ;    125 ;
2014-07-20 11:35 ;    419 ;    165 ;    170 ;    129 ;   1533 ;    500 ;   -284 ;   -735 ;    976 ;   -376 ;    446 ;      3 ;   -360 ;     24 ;      4 ;    159 ;    715 ;   1319 ;    272 ;    125 ;
2014-07-20 11:40 ;    420 ;    167 ;    175 ;    118 ;   1504 ;    525 ;   -284 ;   -735 ;    919 ;   -380 ;    446 ;      2 ;   -360 ;     24 ;      8 ;    157 ;    721 ;   1308 ;    271 ;    126 ;
2014-07-20 11:45 ;    411 ;    168 ;    173 ;    119 ;   1542 ;    526 ;   -284 ;   -736 ;    967 ;   -381 ;    445 ;      2 ;   -360 ;     23 ;      6 ;    155 ;    710 ;   1358 ;    271 ;    127 ;
2014-07-20 11:50 ;    410 ;    168 ;    176 ;    118 ;   1513 ;    522 ;   -284 ;   -735 ;    964 ;   -422 ;    445 ;      2 ;   -390 ;     23 ;      6 ;    156 ;    707 ;   1328 ;    256 ;    129 ;
2014-07-20 11:55 ;    403 ;    162 ;    173 ;    121 ;   1535 ;    526 ;   -283 ;   -735 ;    990 ;   -458 ;    445 ;      1 ;   -422 ;     23 ;      7 ;    152 ;    705 ;   1357 ;    264 ;    130 ;
2014-07-20 12:00 ;    403 ;    163 ;    172 ;    120 ;   1556 ;    507 ;   -283 ;   -735 ;   1060 ;   -443 ;    396 ;      1 ;   -454 ;     23 ;      6 ;    152 ;    693 ;   1370 ;    260 ;    128 ;
2014-07-20 12:05 ;    428 ;    165 ;    174 ;    121 ;   1530 ;    544 ;   -226 ;   -720 ;    977 ;   -443 ;    348 ;      3 ;   -485 ;     24 ;      4 ;    156 ;    689 ;   1384 ;    259 ;    129 ;
2014-07-20 12:10 ;    442 ;    167 ;    173 ;    120 ;   1524 ;    552 ;   -225 ;   -703 ;    978 ;   -466 ;    347 ;      2 ;   -517 ;     23 ;      5 ;    159 ;    680 ;   1396 ;    258 ;    126 ;
2014-07-20 12:15 ;    450 ;    167 ;    173 ;    120 ;   1478 ;    562 ;   -227 ;   -697 ;   1013 ;   -509 ;    345 ;      3 ;   -549 ;     24 ;      5 ;    162 ;    663 ;   1378 ;    256 ;    126 ;
2014-07-20 12:20 ;    484 ;    167 ;    175 ;    120 ;   1486 ;    540 ;   -227 ;   -697 ;    993 ;   -515 ;    347 ;      0 ;   -549 ;     24 ;      6 ;    169 ;    654 ;   1372 ;    254 ;    127 ;
2014-07-20 12:25 ;    469 ;    168 ;    177 ;    122 ;   1522 ;    573 ;   -227 ;   -697 ;    964 ;   -527 ;    347 ;      0 ;   -549 ;     24 ;      4 ;    163 ;    673 ;   1422 ;    267 ;    125 ;
2014-07-20 12:30 ;    453 ;    167 ;    168 ;    121 ;   1558 ;    573 ;   -227 ;   -698 ;    958 ;   -535 ;    347 ;      1 ;   -549 ;     24 ;      6 ;    157 ;    684 ;   1447 ;    268 ;    127 ;
2014-07-20 12:35 ;    447 ;    168 ;    175 ;    119 ;   1606 ;    582 ;   -227 ;   -697 ;    911 ;   -543 ;    346 ;      1 ;   -549 ;     24 ;      7 ;    154 ;    696 ;   1492 ;    267 ;    129 ;
2014-07-20 12:40 ;    438 ;    166 ;    173 ;    115 ;   1595 ;    577 ;   -227 ;   -697 ;    928 ;   -542 ;    346 ;      2 ;   -549 ;     24 ;      6 ;    153 ;    701 ;   1472 ;    261 ;    128 ;
2014-07-20 12:45 ;    428 ;    164 ;    172 ;    117 ;   1594 ;    608 ;   -227 ;   -698 ;    936 ;   -562 ;    346 ;      0 ;   -549 ;     23 ;      5 ;    150 ;    700 ;   1502 ;    256 ;    126 ;
2014-07-20 12:50 ;    416 ;    166 ;    177 ;    119 ;   1587 ;    613 ;   -227 ;   -697 ;    932 ;   -553 ;    345 ;      0 ;   -537 ;     23 ;      7 ;    149 ;    707 ;   1493 ;    255 ;    130 ;
2014-07-20 12:55 ;    411 ;    167 ;    172 ;    118 ;   1635 ;    603 ;   -222 ;   -697 ;    928 ;   -561 ;    346 ;      0 ;   -525 ;     24 ;      5 ;    146 ;    715 ;   1523 ;    261 ;    127 ;
2014-07-20 13:00 ;    393 ;    168 ;    176 ;    116 ;   1584 ;    613 ;   -264 ;   -698 ;    970 ;   -584 ;    390 ;      0 ;   -514 ;     24 ;      4 ;    146 ;    720 ;   1477 ;    250 ;    127 ;
2014-07-20 13:05 ;    436 ;    166 ;    169 ;    114 ;   1620 ;    611 ;   -265 ;   -698 ;    923 ;   -611 ;    431 ;      1 ;   -502 ;     24 ;      6 ;    151 ;    717 ;   1514 ;    251 ;    124 ;
2014-07-20 13:10 ;    457 ;    163 ;    175 ;    118 ;   1624 ;    619 ;   -265 ;   -697 ;    880 ;   -605 ;    438 ;      0 ;   -490 ;     24 ;      8 ;    154 ;    709 ;   1533 ;    250 ;    122 ;
2014-07-20 13:15 ;    456 ;    166 ;    175 ;    118 ;   1636 ;    621 ;   -265 ;   -697 ;    842 ;   -599 ;    437 ;      1 ;   -477 ;     24 ;      7 ;    154 ;    711 ;   1546 ;    250 ;    121 ;
2014-07-20 13:20 ;    470 ;    166 ;    173 ;    113 ;   1657 ;    624 ;   -265 ;   -698 ;    815 ;   -589 ;    436 ;      1 ;   -477 ;     24 ;      6 ;    154 ;    706 ;   1575 ;    256 ;    122 ;
2014-07-20 13:25 ;    463 ;    164 ;    175 ;    123 ;   1616 ;    597 ;   -265 ;   -697 ;    843 ;   -596 ;    437 ;      0 ;   -477 ;     24 ;      7 ;    156 ;    701 ;   1512 ;    259 ;    123 ;
2014-07-20 13:30 ;    427 ;    164 ;    174 ;    116 ;   1636 ;    608 ;   -265 ;   -697 ;    882 ;   -597 ;    436 ;      1 ;   -477 ;     24 ;      7 ;    148 ;    693 ;   1551 ;    266 ;    125 ;
2014-07-20 13:35 ;    451 ;    162 ;    174 ;    117 ;   1654 ;    630 ;   -265 ;   -697 ;    829 ;   -580 ;    436 ;      0 ;   -478 ;     24 ;      8 ;    150 ;    696 ;   1588 ;    265 ;    124 ;
2014-07-20 13:40 ;    440 ;    163 ;    175 ;    112 ;   1629 ;    618 ;   -265 ;   -698 ;    873 ;   -582 ;    436 ;     -2 ;   -477 ;     24 ;      5 ;    151 ;    704 ;   1543 ;    255 ;    118 ;
2014-07-20 13:45 ;    446 ;    161 ;    174 ;    110 ;   1655 ;    598 ;   -265 ;   -698 ;    839 ;   -593 ;    438 ;      1 ;   -477 ;     24 ;      7 ;    151 ;    706 ;   1548 ;    245 ;    122 ;
2014-07-20 13:50 ;    448 ;    156 ;    173 ;    116 ;   1661 ;    610 ;   -265 ;   -697 ;    847 ;   -591 ;    438 ;      0 ;   -486 ;     24 ;      6 ;    150 ;    704 ;   1567 ;    242 ;    121 ;
2014-07-20 13:55 ;    444 ;    151 ;    170 ;    121 ;   1655 ;    636 ;   -261 ;   -698 ;    855 ;   -608 ;    437 ;      0 ;   -496 ;     24 ;      7 ;    147 ;    712 ;   1579 ;    244 ;    126 ;
2014-07-20 14:00 ;    451 ;    151 ;    171 ;    113 ;   1687 ;    622 ;   -262 ;   -732 ;    865 ;   -573 ;    410 ;      1 ;   -505 ;     24 ;      7 ;    147 ;    734 ;   1574 ;    258 ;    125 ;
2014-07-20 14:05 ;    443 ;    154 ;    172 ;    117 ;   1640 ;    651 ;   -178 ;   -702 ;    793 ;   -588 ;    376 ;     -2 ;   -515 ;     23 ;      7 ;    147 ;    744 ;   1547 ;    266 ;    121 ;
2014-07-20 14:10 ;    425 ;    157 ;    175 ;    114 ;   1651 ;    639 ;   -178 ;   -697 ;    810 ;   -601 ;    376 ;     -1 ;   -524 ;     23 ;      7 ;    145 ;    741 ;   1549 ;    252 ;    117 ;
2014-07-20 14:15 ;    426 ;    156 ;    174 ;    116 ;   1672 ;    641 ;   -178 ;   -697 ;    804 ;   -611 ;    376 ;     -2 ;   -533 ;     23 ;      6 ;    144 ;    746 ;   1566 ;    250 ;    118 ;
2014-07-20 14:20 ;    428 ;    154 ;    171 ;    116 ;   1667 ;    656 ;   -178 ;   -697 ;    811 ;   -623 ;    377 ;      0 ;   -534 ;     23 ;      4 ;    144 ;    761 ;   1562 ;    254 ;    116 ;
2014-07-20 14:25 ;    418 ;    155 ;    178 ;    116 ;   1672 ;    662 ;   -178 ;   -697 ;    820 ;   -613 ;    376 ;     -2 ;   -534 ;     24 ;      6 ;    142 ;    743 ;   1592 ;    244 ;    122 ;
2014-07-20 14:30 ;    408 ;    155 ;    171 ;    117 ;   1646 ;    648 ;   -178 ;   -696 ;    845 ;   -621 ;    376 ;      0 ;   -534 ;     24 ;      4 ;    142 ;    750 ;   1544 ;    238 ;    123 ;
2014-07-20 14:35 ;    400 ;    153 ;    172 ;    113 ;   1668 ;    656 ;   -178 ;   -695 ;    860 ;   -626 ;    376 ;     -3 ;   -534 ;     24 ;      7 ;    139 ;    756 ;   1567 ;    230 ;    125 ;
2014-07-20 14:40 ;    402 ;    150 ;    172 ;    117 ;   1654 ;    663 ;   -178 ;   -695 ;    850 ;   -628 ;    376 ;     -1 ;   -533 ;     24 ;      7 ;    140 ;    760 ;   1556 ;    226 ;    124 ;
2014-07-20 14:45 ;    402 ;    149 ;    173 ;    117 ;   1632 ;    667 ;   -178 ;   -695 ;    867 ;   -618 ;    376 ;     -1 ;   -534 ;     24 ;      7 ;    140 ;    767 ;   1532 ;    231 ;    121 ;
2014-07-20 14:50 ;    417 ;    149 ;    168 ;    117 ;   1629 ;    675 ;   -227 ;   -695 ;    889 ;   -613 ;    375 ;     -2 ;   -538 ;     24 ;      4 ;    143 ;    776 ;   1527 ;    232 ;    116 ;
2014-07-20 14:55 ;    429 ;    149 ;    178 ;    111 ;   1674 ;    654 ;   -264 ;   -695 ;    827 ;   -456 ;    290 ;      0 ;   -471 ;     23 ;      9 ;    144 ;    775 ;   1553 ;    225 ;    117 ;
2014-07-20 15:00 ;    415 ;    152 ;    174 ;    117 ;   1659 ;    661 ;   -182 ;   -695 ;    787 ;   -353 ;    148 ;     -2 ;   -499 ;     24 ;      8 ;    143 ;    775 ;   1544 ;    230 ;    115 ;
2014-07-20 15:05 ;    419 ;    161 ;    171 ;    117 ;   1663 ;    650 ;   -219 ;   -695 ;    874 ;   -271 ;     23 ;     -3 ;   -537 ;     23 ;      8 ;    145 ;    777 ;   1536 ;    232 ;    118 ;
2014-07-20 15:10 ;    410 ;    164 ;    171 ;    120 ;   1685 ;    658 ;   -264 ;   -695 ;    917 ;   -173 ;    -77 ;      0 ;   -539 ;     23 ;      8 ;    143 ;    785 ;   1557 ;    228 ;    111 ;
2014-07-20 15:15 ;    402 ;    165 ;    172 ;    116 ;   1678 ;    655 ;   -302 ;   -695 ;    877 ;    -99 ;    -78 ;      0 ;   -459 ;     23 ;      6 ;    143 ;    787 ;   1546 ;    230 ;    109 ;
2014-07-20 15:20 ;    390 ;    165 ;    167 ;    117 ;   1700 ;    646 ;   -305 ;   -695 ;    888 ;    -96 ;    -78 ;     -1 ;   -456 ;     24 ;      5 ;    140 ;    794 ;   1553 ;    230 ;    108 ;
2014-07-20 15:25 ;    425 ;    163 ;    175 ;    119 ;   1711 ;    646 ;   -305 ;   -695 ;    839 ;    -92 ;    -78 ;      1 ;   -456 ;     24 ;      7 ;    145 ;    793 ;   1565 ;    229 ;     99 ;
2014-07-20 15:30 ;    419 ;    163 ;    174 ;    122 ;   1690 ;    642 ;   -305 ;   -695 ;    837 ;    -94 ;    -78 ;      1 ;   -456 ;     24 ;      8 ;    146 ;    799 ;   1533 ;    221 ;     98 ;
2014-07-20 15:35 ;    421 ;    156 ;    171 ;    125 ;   1741 ;    654 ;   -305 ;   -693 ;    827 ;    -89 ;    -78 ;      1 ;   -456 ;     24 ;      7 ;    142 ;    797 ;   1598 ;    217 ;     98 ;
2014-07-20 15:40 ;    417 ;    160 ;    175 ;    121 ;   1713 ;    649 ;   -305 ;   -693 ;    831 ;    -79 ;    -78 ;      0 ;   -457 ;     23 ;      7 ;    144 ;    782 ;   1580 ;    218 ;    100 ;
2014-07-20 15:45 ;    407 ;    162 ;    172 ;    119 ;   1719 ;    668 ;   -305 ;   -693 ;    877 ;   -100 ;    -78 ;     -1 ;   -457 ;     23 ;      8 ;    142 ;    779 ;   1609 ;    220 ;     91 ;
2014-07-20 15:50 ;    404 ;    166 ;    171 ;    115 ;   1646 ;    651 ;   -254 ;   -693 ;    818 ;    -93 ;    -78 ;      1 ;   -457 ;     23 ;      6 ;    146 ;    783 ;   1513 ;    209 ;     96 ;
2014-07-20 15:55 ;    393 ;    169 ;    165 ;    117 ;   1697 ;    658 ;   -204 ;   -693 ;    769 ;   -108 ;    -78 ;      1 ;   -457 ;     24 ;      7 ;    142 ;    784 ;   1571 ;    207 ;     97 ;
2014-07-20 16:00 ;    425 ;    172 ;    162 ;    117 ;   1699 ;    656 ;   -153 ;   -617 ;    651 ;   -175 ;      0 ;      2 ;   -457 ;     24 ;      8 ;    148 ;    782 ;   1572 ;    200 ;     95 ;
2014-07-20 16:05 ;    464 ;    171 ;    162 ;    121 ;   1724 ;    654 ;   -101 ;   -513 ;    449 ;   -271 ;     87 ;      1 ;   -455 ;     24 ;      7 ;    154 ;    780 ;   1598 ;    182 ;     92 ;
2014-07-20 16:10 ;    481 ;    171 ;    170 ;    123 ;   1704 ;    662 ;    -53 ;   -507 ;    369 ;   -274 ;     96 ;      2 ;   -456 ;     24 ;      6 ;    158 ;    780 ;   1586 ;    174 ;     89 ;
2014-07-20 16:15 ;    505 ;    167 ;    168 ;    117 ;   1665 ;    667 ;     -3 ;   -506 ;    317 ;   -267 ;     96 ;      2 ;   -456 ;     24 ;      7 ;    163 ;    771 ;   1561 ;    176 ;     90 ;
2014-07-20 16:20 ;    527 ;    171 ;    175 ;    117 ;   1681 ;    671 ;     -3 ;   -503 ;    307 ;   -260 ;     96 ;      1 ;   -456 ;     24 ;      7 ;    167 ;    775 ;   1577 ;    174 ;     88 ;
2014-07-20 16:25 ;    530 ;    168 ;    181 ;    115 ;   1683 ;    678 ;     -3 ;   -540 ;    333 ;   -261 ;     95 ;      1 ;   -456 ;     23 ;      7 ;    167 ;    768 ;   1592 ;    176 ;     82 ;
2014-07-20 16:30 ;    571 ;    164 ;    178 ;    118 ;   1714 ;    661 ;     -3 ;   -648 ;    412 ;   -258 ;     96 ;      6 ;   -456 ;     23 ;      9 ;    172 ;    759 ;   1615 ;    170 ;     84 ;
2014-07-20 16:35 ;    647 ;    162 ;    178 ;    116 ;   1662 ;    686 ;     -3 ;   -650 ;    369 ;   -249 ;     96 ;      5 ;   -456 ;     23 ;      7 ;    185 ;    756 ;   1592 ;    161 ;     84 ;
2014-07-20 16:40 ;    687 ;    161 ;    177 ;    122 ;   1680 ;    650 ;     -3 ;   -649 ;    338 ;   -243 ;     96 ;      5 ;   -455 ;     23 ;      8 ;    191 ;    750 ;   1580 ;    161 ;     82 ;
2014-07-20 16:45 ;    712 ;    162 ;    179 ;    118 ;   1670 ;    654 ;     -3 ;   -644 ;    330 ;   -245 ;     96 ;      4 ;   -456 ;     23 ;      7 ;    195 ;    752 ;   1572 ;    153 ;     84 ;
2014-07-20 16:50 ;    730 ;    157 ;    174 ;    124 ;   1633 ;    675 ;     -3 ;   -644 ;    345 ;   -230 ;     96 ;      5 ;   -456 ;     23 ;      7 ;    196 ;    748 ;   1560 ;    152 ;     83 ;
2014-07-20 16:55 ;    810 ;    156 ;    172 ;    120 ;   1661 ;    669 ;     -3 ;   -643 ;    258 ;   -166 ;     36 ;      3 ;   -456 ;     23 ;      7 ;    205 ;    751 ;   1579 ;    153 ;     82 ;
2014-07-20 17:00 ;    837 ;    157 ;    176 ;    117 ;   1656 ;    681 ;     71 ;   -609 ;    217 ;   -109 ;   -104 ;      3 ;   -548 ;     23 ;      7 ;    208 ;    766 ;   1571 ;    144 ;     79 ;
2014-07-20 17:05 ;    826 ;    160 ;    180 ;    114 ;   1650 ;    664 ;    296 ;   -551 ;    -14 ;     48 ;   -255 ;      6 ;   -549 ;     24 ;      7 ;    208 ;    758 ;   1555 ;    146 ;     75 ;
2014-07-20 17:10 ;    815 ;    164 ;    176 ;    119 ;   1644 ;    670 ;    306 ;   -515 ;    -28 ;    119 ;   -319 ;      6 ;   -550 ;     23 ;      7 ;    206 ;    746 ;   1569 ;    144 ;     73 ;
2014-07-20 17:15 ;    801 ;    175 ;    172 ;    117 ;   1654 ;    671 ;    306 ;   -484 ;      4 ;    104 ;   -320 ;      7 ;   -550 ;     23 ;      6 ;    206 ;    759 ;   1566 ;    137 ;     72 ;
2014-07-20 17:20 ;    786 ;    172 ;    176 ;    118 ;   1676 ;    695 ;    306 ;   -447 ;    -36 ;    117 ;   -320 ;      9 ;   -550 ;     23 ;      6 ;    202 ;    759 ;   1612 ;    134 ;     71 ;
2014-07-20 17:25 ;    779 ;    171 ;    177 ;    117 ;   1664 ;    678 ;    306 ;   -480 ;    -75 ;    234 ;   -320 ;      7 ;   -455 ;     23 ;      4 ;    202 ;    758 ;   1584 ;    128 ;     69 ;
2014-07-20 17:30 ;    778 ;    175 ;    174 ;    117 ;   1630 ;    668 ;    306 ;   -501 ;    -31 ;    246 ;   -320 ;      9 ;   -453 ;     23 ;      8 ;    205 ;    760 ;   1539 ;    128 ;     68 ;
2014-07-20 17:35 ;    774 ;    170 ;    176 ;    114 ;   1682 ;    660 ;    307 ;   -504 ;     -3 ;    250 ;   -320 ;      9 ;   -453 ;     23 ;      7 ;    203 ;    763 ;   1580 ;    124 ;     68 ;
2014-07-20 17:40 ;    784 ;    167 ;    170 ;    118 ;   1638 ;    676 ;    306 ;   -504 ;      4 ;    258 ;   -321 ;      8 ;   -453 ;     23 ;      5 ;    205 ;    764 ;   1550 ;    121 ;     63 ;
2014-07-20 17:45 ;    787 ;    164 ;    174 ;    113 ;   1629 ;    666 ;    307 ;   -505 ;     13 ;    277 ;   -321 ;      9 ;   -454 ;     22 ;      3 ;    208 ;    757 ;   1538 ;    116 ;     59 ;
2014-07-20 17:50 ;    787 ;    156 ;    172 ;    118 ;   1666 ;    662 ;    379 ;   -505 ;    -45 ;    294 ;   -320 ;      9 ;   -449 ;     22 ;      6 ;    204 ;    752 ;   1576 ;    111 ;     55 ;
2014-07-20 17:55 ;    768 ;    153 ;    179 ;    117 ;   1620 ;    637 ;    460 ;   -504 ;   -105 ;    323 ;   -320 ;      9 ;   -431 ;     22 ;      5 ;    205 ;    750 ;   1507 ;    111 ;     55 ;
2014-07-20 18:00 ;    778 ;    152 ;    175 ;    114 ;   1609 ;    636 ;    612 ;   -501 ;   -400 ;    611 ;   -447 ;      7 ;   -284 ;     22 ;      6 ;    206 ;    753 ;   1492 ;    110 ;     55 ;
2014-07-20 18:05 ;    827 ;    160 ;    164 ;    115 ;   1621 ;    636 ;    773 ;   -499 ;   -713 ;    881 ;   -585 ;      9 ;   -147 ;     22 ;      8 ;    215 ;    750 ;   1508 ;    103 ;     53 ;
2014-07-20 18:10 ;    861 ;    174 ;    169 ;    114 ;   1572 ;    645 ;    848 ;   -499 ;   -958 ;   1027 ;   -586 ;      8 ;      0 ;     22 ;      8 ;    225 ;    737 ;   1480 ;    102 ;     52 ;
2014-07-20 18:15 ;    808 ;    186 ;    174 ;    114 ;   1584 ;    652 ;    932 ;   -538 ;   -950 ;   1008 ;   -585 ;      9 ;      0 ;     22 ;      5 ;    219 ;    732 ;   1504 ;     97 ;     47 ;
2014-07-20 18:20 ;    805 ;    178 ;    171 ;    119 ;   1577 ;    630 ;    933 ;   -539 ;   -901 ;   1018 ;   -585 ;      9 ;      0 ;     22 ;      7 ;    220 ;    725 ;   1482 ;     94 ;     42 ;
2014-07-20 18:25 ;    804 ;    180 ;    171 ;    119 ;   1550 ;    626 ;    933 ;   -539 ;   -929 ;   1028 ;   -585 ;      9 ;      0 ;     22 ;      7 ;    223 ;    736 ;   1440 ;     92 ;     39 ;
2014-07-20 18:30 ;    813 ;    181 ;    169 ;    119 ;   1553 ;    623 ;    933 ;   -536 ;   -913 ;   1037 ;   -585 ;      9 ;      0 ;     22 ;      6 ;    224 ;    724 ;   1451 ;     89 ;     38 ;
2014-07-20 18:35 ;    836 ;    177 ;    173 ;    120 ;   1503 ;    624 ;    933 ;   -536 ;   -949 ;   1050 ;   -585 ;      8 ;      0 ;     22 ;      7 ;    231 ;    723 ;   1405 ;     85 ;     34 ;
2014-07-20 18:40 ;    846 ;    188 ;    165 ;    113 ;   1517 ;    613 ;    933 ;   -537 ;   -920 ;   1047 ;   -585 ;     10 ;      0 ;     22 ;      7 ;    233 ;    723 ;   1407 ;     82 ;     32 ;
2014-07-20 18:45 ;    846 ;    199 ;    166 ;    114 ;   1471 ;    609 ;    933 ;   -537 ;   -923 ;   1031 ;   -585 ;      8 ;      0 ;     22 ;      6 ;    239 ;    726 ;   1354 ;     78 ;     29 ;
2014-07-20 18:50 ;    866 ;    208 ;    163 ;    116 ;   1443 ;    615 ;    933 ;   -505 ;   -890 ;    953 ;   -585 ;      8 ;    -63 ;     22 ;      7 ;    244 ;    737 ;   1320 ;     77 ;     29 ;
2014-07-20 18:55 ;    880 ;    237 ;    163 ;    113 ;   1427 ;    618 ;    933 ;   -545 ;   -813 ;    871 ;   -585 ;      8 ;   -111 ;     22 ;      5 ;    251 ;    740 ;   1306 ;     77 ;     29 ;
2014-07-20 19:00 ;    883 ;    236 ;    162 ;    113 ;   1398 ;    630 ;    933 ;   -507 ;   -763 ;    824 ;   -586 ;      6 ;   -162 ;     22 ;      5 ;    253 ;    739 ;   1289 ;     73 ;     28 ;
2014-07-20 19:05 ;    913 ;    244 ;    167 ;    119 ;   1370 ;    615 ;    933 ;   -301 ;   -931 ;    769 ;   -585 ;      9 ;   -211 ;     22 ;      5 ;    264 ;    741 ;   1244 ;     70 ;     26 ;
2014-07-20 19:10 ;    965 ;    250 ;    164 ;    115 ;   1334 ;    605 ;    933 ;   -365 ;   -860 ;    709 ;   -585 ;      8 ;   -260 ;     22 ;      5 ;    276 ;    733 ;   1206 ;     67 ;     24 ;
2014-07-20 19:15 ;   1046 ;    255 ;    168 ;    115 ;   1321 ;    605 ;    932 ;   -367 ;   -862 ;    664 ;   -585 ;      7 ;   -310 ;     22 ;      5 ;    289 ;    726 ;   1200 ;     64 ;     23 ;
2014-07-20 19:20 ;   1069 ;    252 ;    178 ;    118 ;   1302 ;    581 ;    933 ;   -331 ;   -942 ;    653 ;   -585 ;      7 ;   -311 ;     22 ;      5 ;    296 ;    739 ;   1143 ;     58 ;     21 ;
2014-07-20 19:25 ;   1051 ;    260 ;    180 ;    117 ;   1321 ;    603 ;    933 ;   -329 ;   -893 ;    654 ;   -585 ;      9 ;   -310 ;     22 ;      4 ;    292 ;    740 ;   1185 ;     55 ;     19 ;
2014-07-20 19:30 ;   1067 ;    260 ;    178 ;    116 ;   1263 ;    591 ;    933 ;   -331 ;   -902 ;    654 ;   -585 ;      8 ;   -312 ;     21 ;      5 ;    300 ;    753 ;   1101 ;     53 ;     17 ;
2014-07-20 19:35 ;   1067 ;    261 ;    183 ;    114 ;   1248 ;    586 ;    933 ;   -334 ;   -866 ;    653 ;   -585 ;      9 ;   -311 ;     22 ;      7 ;    302 ;    753 ;   1081 ;     50 ;     16 ;
2014-07-20 19:40 ;   1077 ;    265 ;    176 ;    115 ;   1219 ;    582 ;    933 ;   -324 ;   -884 ;    645 ;   -586 ;      9 ;   -312 ;     22 ;      7 ;    307 ;    772 ;   1029 ;     46 ;     15 ;
2014-07-20 19:45 ;   1078 ;    264 ;    171 ;    115 ;   1204 ;    569 ;    933 ;   -314 ;   -881 ;    651 ;   -586 ;     10 ;   -311 ;     22 ;      5 ;    310 ;    774 ;    999 ;     41 ;     14 ;
2014-07-20 19:50 ;   1093 ;    268 ;    166 ;    111 ;   1201 ;    573 ;    939 ;   -228 ;   -978 ;    655 ;   -585 ;      9 ;   -309 ;     22 ;      5 ;    313 ;    792 ;    982 ;     37 ;     13 ;
2014-07-20 19:55 ;   1052 ;    269 ;    172 ;    116 ;   1210 ;    557 ;    949 ;   -219 ;   -981 ;    649 ;   -585 ;     11 ;   -308 ;     22 ;      4 ;    309 ;    804 ;    963 ;     35 ;     12 ;
2014-07-20 20:00 ;   1034 ;    269 ;    170 ;    116 ;   1190 ;    546 ;    957 ;   -220 ;   -947 ;    667 ;   -586 ;     10 ;   -304 ;     22 ;      5 ;    310 ;    800 ;    935 ;     32 ;     11 ;
2014-07-20 20:05 ;   1040 ;    268 ;    170 ;    116 ;   1175 ;    549 ;    966 ;   -221 ;   -925 ;    667 ;   -585 ;     10 ;   -303 ;     22 ;      5 ;    312 ;    802 ;    923 ;     29 ;     10 ;
2014-07-20 20:10 ;   1026 ;    261 ;    158 ;    111 ;   1131 ;    548 ;    975 ;   -220 ;   -917 ;    688 ;   -585 ;     10 ;   -302 ;     22 ;      6 ;    314 ;    791 ;    887 ;     27 ;      9 ;
2014-07-20 20:15 ;   1029 ;    244 ;    171 ;    112 ;   1125 ;    539 ;    984 ;   -221 ;   -913 ;    701 ;   -585 ;      9 ;   -300 ;     22 ;      5 ;    313 ;    774 ;    890 ;     25 ;      8 ;
2014-07-20 20:20 ;   1019 ;    236 ;    168 ;    112 ;   1113 ;    532 ;    984 ;   -222 ;   -885 ;    724 ;   -585 ;     10 ;   -299 ;     22 ;      4 ;    311 ;    773 ;    871 ;     22 ;      7 ;
2014-07-20 20:25 ;    987 ;    223 ;    172 ;    116 ;   1109 ;    530 ;    984 ;   -161 ;   -898 ;    722 ;   -585 ;     11 ;   -300 ;     22 ;      4 ;    302 ;    770 ;    869 ;     20 ;      6 ;
2014-07-20 20:30 ;    902 ;    222 ;    170 ;    109 ;   1095 ;    535 ;    986 ;    -79 ;   -895 ;    723 ;   -585 ;     10 ;   -298 ;     21 ;      5 ;    285 ;    779 ;    851 ;     18 ;      6 ;
2014-07-20 20:35 ;    852 ;    210 ;    175 ;    111 ;   1072 ;    528 ;    984 ;     -1 ;   -946 ;    736 ;   -585 ;     10 ;   -299 ;     21 ;      5 ;    276 ;    784 ;    815 ;     16 ;      5 ;
2014-07-20 20:40 ;    801 ;    204 ;    175 ;    106 ;   1074 ;    534 ;    985 ;     78 ;   -962 ;    741 ;   -585 ;     10 ;   -299 ;     21 ;      4 ;    262 ;    784 ;    825 ;     14 ;      4 ;
2014-07-20 20:45 ;    774 ;    192 ;    171 ;    110 ;   1071 ;    521 ;    986 ;     78 ;   -942 ;    752 ;   -585 ;     11 ;   -299 ;     21 ;      5 ;    255 ;    790 ;    802 ;     12 ;      4 ;
2014-07-20 20:50 ;    762 ;    181 ;    167 ;    107 ;   1079 ;    521 ;    986 ;     78 ;   -928 ;    784 ;   -585 ;     12 ;   -286 ;     21 ;      5 ;    248 ;    802 ;    798 ;     11 ;      3 ;
2014-07-20 20:55 ;    720 ;    180 ;    173 ;    109 ;   1070 ;    522 ;    987 ;     80 ;   -917 ;    789 ;   -585 ;     12 ;   -271 ;     21 ;      5 ;    241 ;    807 ;    785 ;      9 ;      3 ;
2014-07-20 21:00 ;    721 ;    179 ;    169 ;    105 ;   1069 ;    529 ;    984 ;     -1 ;   -860 ;    797 ;   -585 ;     12 ;   -257 ;     21 ;      5 ;    242 ;    812 ;    786 ;      8 ;      2 ;
2014-07-20 21:05 ;    739 ;    187 ;    167 ;    106 ;   1090 ;    531 ;    985 ;     -1 ;   -898 ;    807 ;   -585 ;     11 ;   -242 ;     21 ;      5 ;    246 ;    818 ;    803 ;      7 ;      2 ;
2014-07-20 21:10 ;    730 ;    185 ;    167 ;    111 ;   1114 ;    525 ;    984 ;     -1 ;   -919 ;    826 ;   -585 ;     11 ;   -227 ;     21 ;      4 ;    244 ;    819 ;    820 ;      5 ;      1 ;
2014-07-20 21:15 ;    717 ;    178 ;    170 ;    111 ;   1110 ;    523 ;    983 ;     -1 ;   -947 ;    834 ;   -585 ;     11 ;   -213 ;     21 ;      4 ;    243 ;    826 ;    807 ;      4 ;      1 ;
2014-07-20 21:20 ;    700 ;    182 ;    165 ;    109 ;   1121 ;    520 ;    983 ;     -1 ;   -946 ;    825 ;   -585 ;     10 ;   -213 ;     20 ;      4 ;    241 ;    841 ;    799 ;      3 ;      1 ;
2014-07-20 21:25 ;    688 ;    185 ;    166 ;    102 ;   1111 ;    530 ;    983 ;     -1 ;   -928 ;    832 ;   -585 ;     11 ;   -214 ;     20 ;      4 ;    237 ;    829 ;    811 ;      2 ;      0 ;
2014-07-20 21:30 ;    677 ;    186 ;    169 ;    103 ;   1090 ;    516 ;    983 ;     -1 ;   -914 ;    828 ;   -585 ;     12 ;   -213 ;     19 ;      5 ;    238 ;    815 ;    791 ;      1 ;      0 ;
2014-07-20 21:35 ;    676 ;    190 ;    166 ;    106 ;   1082 ;    504 ;    983 ;     -1 ;   -906 ;    841 ;   -585 ;     12 ;   -213 ;     20 ;      4 ;    239 ;    791 ;    795 ;      1 ;      0 ;
2014-07-20 21:40 ;    668 ;    191 ;    167 ;    105 ;   1067 ;    498 ;    983 ;     -1 ;   -869 ;    842 ;   -585 ;     12 ;   -213 ;     20 ;      5 ;    236 ;    762 ;    803 ;      1 ;      0 ;
2014-07-20 21:45 ;    688 ;    192 ;    168 ;    103 ;   1055 ;    493 ;    982 ;     -1 ;   -876 ;    838 ;   -585 ;     12 ;   -213 ;     20 ;      5 ;    242 ;    742 ;    806 ;      0 ;      0 ;
2014-07-20 21:50 ;    711 ;    193 ;    173 ;    108 ;   1052 ;    477 ;    982 ;     -1 ;   -888 ;    850 ;   -585 ;     12 ;   -215 ;     20 ;      4 ;    248 ;    714 ;    814 ;      0 ;      0 ;
2014-07-20 21:55 ;    729 ;    196 ;    165 ;    111 ;   1040 ;    469 ;    982 ;     -1 ;   -908 ;    853 ;   -585 ;     13 ;   -217 ;     19 ;      5 ;    254 ;    714 ;    795 ;      0 ;      0 ;
2014-07-20 22:00 ;    741 ;    195 ;    166 ;    107 ;   1063 ;    463 ;    981 ;     -1 ;   -927 ;    872 ;   -585 ;     13 ;   -219 ;     19 ;      4 ;    254 ;    700 ;    826 ;      0 ;      0 ;
2014-07-20 22:05 ;    742 ;    196 ;    162 ;    113 ;   1103 ;    442 ;    980 ;     -1 ;   -932 ;    869 ;   -585 ;     12 ;   -222 ;     19 ;      5 ;    254 ;    692 ;    854 ;      0 ;      0 ;
2014-07-20 22:10 ;    737 ;    187 ;    165 ;    108 ;   1103 ;    447 ;    979 ;     -1 ;   -911 ;    879 ;   -585 ;     12 ;   -224 ;     19 ;      5 ;    248 ;    688 ;    862 ;      0 ;      0 ;
2014-07-20 22:15 ;    735 ;    196 ;    174 ;    102 ;   1093 ;    455 ;    980 ;     -1 ;   -926 ;    861 ;   -585 ;     12 ;   -226 ;     20 ;      5 ;    253 ;    683 ;    865 ;      0 ;      0 ;
2014-07-20 22:20 ;    745 ;    189 ;    164 ;    111 ;   1089 ;    448 ;    980 ;     -1 ;   -913 ;    867 ;   -585 ;     11 ;   -226 ;     20 ;      4 ;    252 ;    668 ;    869 ;      0 ;      0 ;
2014-07-20 22:25 ;    755 ;    188 ;    169 ;    107 ;   1072 ;    440 ;    980 ;     -1 ;   -911 ;    876 ;   -585 ;     13 ;   -226 ;     20 ;      4 ;    255 ;    643 ;    869 ;      0 ;      0 ;
2014-07-20 22:30 ;    767 ;    191 ;    164 ;    115 ;   1063 ;    441 ;    979 ;     -1 ;   -941 ;    878 ;   -585 ;     13 ;   -226 ;     20 ;      5 ;    260 ;    658 ;    847 ;      0 ;      0 ;
2014-07-20 22:35 ;    763 ;    198 ;    170 ;    105 ;   1081 ;    462 ;    980 ;     -1 ;   -945 ;    832 ;   -585 ;     12 ;   -226 ;     20 ;      4 ;    262 ;    666 ;    876 ;      0 ;      0 ;
2014-07-20 22:40 ;    800 ;    213 ;    166 ;    102 ;   1083 ;    465 ;    979 ;     -1 ;   -981 ;    827 ;   -585 ;     12 ;   -226 ;     20 ;      5 ;    274 ;    668 ;    881 ;      0 ;      0 ;
2014-07-20 22:45 ;    822 ;    206 ;    165 ;    111 ;   1077 ;    469 ;    981 ;    -65 ;   -940 ;    816 ;   -585 ;     11 ;   -226 ;     20 ;      5 ;    278 ;    667 ;    878 ;      0 ;      0 ;
2014-07-20 22:50 ;    834 ;    200 ;    162 ;    108 ;   1076 ;    471 ;    881 ;    -99 ;   -775 ;    748 ;   -585 ;     11 ;   -285 ;     20 ;      6 ;    281 ;    672 ;    875 ;      0 ;      0 ;
2014-07-20 22:55 ;    855 ;    200 ;    163 ;    111 ;   1076 ;    482 ;    773 ;    -99 ;   -661 ;    538 ;   -447 ;     12 ;   -344 ;     20 ;      4 ;    289 ;    674 ;    884 ;      0 ;      0 ;
2014-07-20 23:00 ;    868 ;    198 ;    164 ;    106 ;   1087 ;    487 ;    671 ;    -99 ;   -537 ;    301 ;   -297 ;     11 ;   -406 ;     20 ;      5 ;    296 ;    688 ;    886 ;      0 ;      0 ;
2014-07-20 23:05 ;    865 ;    196 ;    169 ;    107 ;   1080 ;    495 ;    568 ;    -99 ;   -393 ;     93 ;   -161 ;     11 ;   -466 ;     19 ;      5 ;    297 ;    692 ;    884 ;      0 ;      0 ;
2014-07-20 23:10 ;    836 ;    189 ;    160 ;    110 ;   1083 ;    493 ;    461 ;   -100 ;   -200 ;    -94 ;    -16 ;     11 ;   -528 ;     19 ;      6 ;    287 ;    690 ;    886 ;      0 ;      0 ;
2014-07-20 23:15 ;    808 ;    181 ;    164 ;    113 ;   1085 ;    489 ;    360 ;   -153 ;     22 ;   -181 ;    -15 ;     10 ;   -588 ;     19 ;      5 ;    284 ;    695 ;    880 ;      0 ;      0 ;
2014-07-20 23:20 ;    822 ;    191 ;    160 ;    109 ;   1087 ;    497 ;    358 ;   -157 ;     -4 ;   -200 ;    -15 ;     10 ;   -590 ;     19 ;      6 ;    290 ;    709 ;    875 ;      0 ;      0 ;
2014-07-20 23:25 ;    782 ;    191 ;    164 ;    111 ;   1111 ;    499 ;    358 ;   -157 ;     15 ;   -201 ;    -15 ;     11 ;   -590 ;     19 ;      6 ;    280 ;    707 ;    902 ;      0 ;      0 ;
2014-07-20 23:30 ;    714 ;    194 ;    164 ;    114 ;   1099 ;    500 ;    358 ;   -157 ;     77 ;   -220 ;    -15 ;     12 ;   -590 ;     19 ;      5 ;    268 ;    720 ;    879 ;      0 ;      0 ;
2014-07-20 23:35 ;    654 ;    196 ;    164 ;    107 ;   1104 ;    501 ;    358 ;    -64 ;     42 ;   -230 ;    -15 ;     11 ;   -590 ;     19 ;      6 ;    254 ;    728 ;    878 ;      0 ;      0 ;
2014-07-20 23:40 ;    661 ;    192 ;    162 ;    107 ;   1093 ;    508 ;    358 ;    -55 ;     15 ;   -243 ;    -15 ;     10 ;   -590 ;     19 ;      7 ;    256 ;    731 ;    870 ;      0 ;      0 ;
2014-07-20 23:45 ;    629 ;    189 ;    169 ;    108 ;   1071 ;    504 ;    358 ;    -55 ;     37 ;   -246 ;    -15 ;     11 ;   -590 ;     19 ;      6 ;    252 ;    737 ;    838 ;      0 ;      0 ;
2014-07-20 23:50 ;    597 ;    196 ;    163 ;    109 ;   1058 ;    515 ;    285 ;    -57 ;     46 ;   -194 ;      0 ;     10 ;   -496 ;     19 ;      6 ;    249 ;    735 ;    838 ;      0 ;      0 ;
2014-07-20 23:55 ;    566 ;    204 ;    169 ;    113 ;   1073 ;    522 ;    209 ;    -61 ;     39 ;   -281 ;    153 ;     10 ;   -399 ;     19 ;      5 ;    249 ;    746 ;    849 ;      0 ;      0 ;
