 1 Centrale kraftværker DK1
 2 Centrale kraftværker DK2
 3 Decentrale kraftværker DK1
 4 Decentrale kraftværker DK2
 5 Vindmøller DK1
 6 Vindmøller DK2
 7 Udveksling Jylland-Norge
 8 Udveksling Jylland-Sverige
 9 Udveksling Jylland-Tyskland
10 Udveksling Sjælland-Sverige
11 Udveksling Sjælland-Tyskland
12 Udveksling Bornholm-Sverige
13 Udveksling Fyn-Sjaelland
14 Temperatur i Malling
15 Vindhastighed i Malling
16 CO2 udledning
17 Havmøller DK
18 Landmøller DK
19 Solceller DK1
20 Solceller DK2
 
Dato og tid      ;      1 ;      2 ;      3 ;      4 ;      5 ;      6 ;      7 ;      8 ;      9 ;     10 ;     11 ;     12 ;     13 ;     14 ;     15 ;     16 ;     17 ;     18 ;     19 ;     20 ;
2014-10-15 00:00 ;    560 ;    479 ;    257 ;    100 ;   1008 ;     96 ;    389 ;     -1 ;    153 ;   -119 ;    164 ;     16 ;   -492 ;     10 ;      4 ;    286 ;    557 ;    547 ;      0 ;      0 ;
2014-10-15 00:05 ;    604 ;    480 ;    259 ;    105 ;   1003 ;    102 ;    285 ;     -1 ;     94 ;   -139 ;    287 ;     16 ;   -382 ;     10 ;      5 ;    306 ;    540 ;    565 ;      0 ;      0 ;
2014-10-15 00:10 ;    606 ;    475 ;    247 ;    103 ;    996 ;    108 ;    184 ;     -1 ;    134 ;   -120 ;    287 ;     16 ;   -346 ;     10 ;      5 ;    317 ;    544 ;    559 ;      0 ;      0 ;
2014-10-15 00:15 ;    624 ;    473 ;    246 ;    100 ;    991 ;    103 ;     87 ;     -1 ;     97 ;     11 ;    287 ;     16 ;   -210 ;     10 ;      5 ;    327 ;    532 ;    563 ;      0 ;      0 ;
2014-10-15 00:20 ;    614 ;    476 ;    252 ;    105 ;    970 ;    100 ;     83 ;     -1 ;     89 ;     12 ;    287 ;     15 ;   -205 ;     10 ;      5 ;    327 ;    529 ;    541 ;      0 ;      0 ;
2014-10-15 00:25 ;    606 ;    472 ;    247 ;    103 ;    967 ;    102 ;     83 ;     -1 ;     91 ;     -8 ;    287 ;     15 ;   -205 ;     10 ;      5 ;    329 ;    535 ;    533 ;      0 ;      0 ;
2014-10-15 00:30 ;    593 ;    487 ;    250 ;     99 ;    981 ;    107 ;     82 ;     -1 ;     71 ;    -11 ;    287 ;     15 ;   -206 ;     10 ;      4 ;    325 ;    542 ;    546 ;      0 ;      0 ;
2014-10-15 00:35 ;    593 ;    499 ;    245 ;    102 ;    991 ;    109 ;     81 ;     -1 ;     85 ;    -40 ;    287 ;     15 ;   -205 ;     10 ;      4 ;    323 ;    534 ;    566 ;      0 ;      0 ;
2014-10-15 00:40 ;    583 ;    499 ;    250 ;     99 ;    983 ;    108 ;     81 ;     -1 ;     73 ;    -60 ;    287 ;     15 ;   -206 ;     10 ;      4 ;    320 ;    542 ;    549 ;      0 ;      0 ;
2014-10-15 00:45 ;    563 ;    499 ;    256 ;     97 ;   1005 ;    105 ;     81 ;     -1 ;     70 ;    -49 ;    287 ;     14 ;   -206 ;     10 ;      4 ;    315 ;    548 ;    561 ;      0 ;      0 ;
2014-10-15 00:50 ;    551 ;    505 ;    241 ;     97 ;   1010 ;    108 ;     66 ;     -1 ;     86 ;    -67 ;    287 ;     14 ;   -207 ;     10 ;      5 ;    316 ;    539 ;    579 ;      0 ;      0 ;
2014-10-15 00:55 ;    548 ;    508 ;    252 ;     99 ;   1013 ;    112 ;     52 ;     -1 ;     95 ;   -105 ;    313 ;     14 ;   -207 ;     10 ;      5 ;    316 ;    544 ;    581 ;      0 ;      0 ;
2014-10-15 01:00 ;    522 ;    510 ;    253 ;     98 ;   1027 ;    109 ;     47 ;     -1 ;    115 ;   -239 ;    436 ;     14 ;   -206 ;     10 ;      5 ;    311 ;    548 ;    587 ;      0 ;      0 ;
2014-10-15 01:05 ;    536 ;    510 ;    243 ;     98 ;   1012 ;    110 ;     30 ;     -1 ;    119 ;   -365 ;    571 ;     14 ;   -206 ;     10 ;      5 ;    317 ;    552 ;    570 ;      0 ;      0 ;
2014-10-15 01:10 ;    541 ;    488 ;    245 ;     99 ;    997 ;    109 ;     15 ;     -1 ;    139 ;   -376 ;    599 ;     14 ;   -205 ;     10 ;      5 ;    319 ;    541 ;    566 ;      0 ;      0 ;
2014-10-15 01:15 ;    548 ;    478 ;    238 ;     99 ;    989 ;    114 ;     -1 ;     -1 ;    153 ;   -370 ;    600 ;     14 ;   -205 ;     10 ;      5 ;    320 ;    532 ;    570 ;      0 ;      0 ;
2014-10-15 01:20 ;    553 ;    482 ;    250 ;    101 ;    991 ;    115 ;     -3 ;     -1 ;    141 ;   -390 ;    600 ;     14 ;   -204 ;     10 ;      5 ;    317 ;    540 ;    566 ;      0 ;      0 ;
2014-10-15 01:25 ;    552 ;    488 ;    247 ;     97 ;    997 ;    115 ;     -3 ;     -1 ;    143 ;   -399 ;    601 ;     14 ;   -206 ;     10 ;      7 ;    315 ;    536 ;    576 ;      0 ;      0 ;
2014-10-15 01:30 ;    560 ;    487 ;    254 ;     99 ;    985 ;    120 ;     -4 ;     -1 ;    150 ;   -424 ;    600 ;     14 ;   -221 ;     10 ;      6 ;    316 ;    521 ;    584 ;      0 ;      0 ;
2014-10-15 01:35 ;    567 ;    488 ;    238 ;     99 ;    993 ;    122 ;     -4 ;     -1 ;    150 ;   -431 ;    600 ;     14 ;   -222 ;     10 ;      6 ;    316 ;    530 ;    584 ;      0 ;      0 ;
2014-10-15 01:40 ;    566 ;    496 ;    247 ;     98 ;    971 ;    126 ;     -3 ;     -1 ;    129 ;   -439 ;    599 ;     14 ;   -222 ;     10 ;      6 ;    317 ;    524 ;    573 ;      0 ;      0 ;
2014-10-15 01:45 ;    560 ;    488 ;    248 ;    101 ;    975 ;    126 ;     -3 ;     -1 ;    131 ;   -439 ;    600 ;     14 ;   -222 ;     10 ;      4 ;    315 ;    519 ;    582 ;      0 ;      0 ;
2014-10-15 01:50 ;    566 ;    488 ;    248 ;     98 ;    972 ;    130 ;     14 ;     -1 ;    142 ;   -468 ;    600 ;     14 ;   -252 ;     10 ;      4 ;    315 ;    518 ;    584 ;      0 ;      0 ;
2014-10-15 01:55 ;    574 ;    488 ;    245 ;     97 ;    971 ;    136 ;     29 ;     -1 ;    141 ;   -498 ;    600 ;     14 ;   -284 ;     10 ;      6 ;    313 ;    524 ;    583 ;      0 ;      0 ;
2014-10-15 02:00 ;    579 ;    476 ;    253 ;     99 ;    960 ;    133 ;     47 ;     -1 ;    160 ;   -541 ;    600 ;     14 ;   -322 ;     10 ;      6 ;    313 ;    522 ;    571 ;      0 ;      0 ;
2014-10-15 02:05 ;    634 ;    469 ;    248 ;     99 ;    966 ;    131 ;     61 ;     -1 ;    187 ;   -621 ;    600 ;     14 ;   -411 ;     10 ;      6 ;    320 ;    516 ;    580 ;      0 ;      0 ;
2014-10-15 02:10 ;    686 ;    464 ;    250 ;     99 ;    959 ;    133 ;     80 ;     -1 ;    160 ;   -652 ;    601 ;     14 ;   -445 ;     10 ;      5 ;    326 ;    510 ;    582 ;      0 ;      0 ;
2014-10-15 02:15 ;    732 ;    459 ;    255 ;     99 ;    967 ;    141 ;     96 ;     -1 ;    132 ;   -690 ;    600 ;     13 ;   -477 ;     10 ;      5 ;    327 ;    517 ;    592 ;      0 ;      0 ;
2014-10-15 02:20 ;    701 ;    453 ;    245 ;    104 ;    983 ;    145 ;     97 ;     -1 ;    148 ;   -693 ;    601 ;     13 ;   -478 ;     10 ;      5 ;    320 ;    531 ;    597 ;      0 ;      0 ;
2014-10-15 02:25 ;    688 ;    462 ;    260 ;     95 ;    998 ;    151 ;     97 ;     -1 ;    139 ;   -700 ;    600 ;     13 ;   -478 ;     10 ;      6 ;    316 ;    534 ;    615 ;      0 ;      0 ;
2014-10-15 02:30 ;    683 ;    469 ;    246 ;     97 ;   1002 ;    146 ;     97 ;     -1 ;    153 ;   -707 ;    601 ;     13 ;   -478 ;     10 ;      5 ;    317 ;    546 ;    601 ;      0 ;      0 ;
2014-10-15 02:35 ;    683 ;    469 ;    249 ;     96 ;   1010 ;    148 ;     98 ;     -1 ;     82 ;   -662 ;    600 ;     13 ;   -436 ;     10 ;      6 ;    314 ;    553 ;    605 ;      0 ;      0 ;
2014-10-15 02:40 ;    647 ;    470 ;    253 ;     98 ;    982 ;    145 ;     97 ;     -1 ;    118 ;   -667 ;    600 ;     13 ;   -434 ;     10 ;      7 ;    314 ;    545 ;    583 ;      0 ;      0 ;
2014-10-15 02:45 ;    635 ;    464 ;    248 ;    100 ;   1000 ;    147 ;     97 ;     -1 ;    136 ;   -659 ;    600 ;     13 ;   -436 ;     10 ;      5 ;    310 ;    549 ;    597 ;      0 ;      0 ;
2014-10-15 02:50 ;    639 ;    465 ;    250 ;     98 ;   1019 ;    152 ;     83 ;     -1 ;    144 ;   -667 ;    600 ;     13 ;   -435 ;     10 ;      5 ;    308 ;    561 ;    610 ;      0 ;      0 ;
2014-10-15 02:55 ;    638 ;    467 ;    254 ;     97 ;   1015 ;    148 ;     68 ;     -1 ;    158 ;   -636 ;    600 ;     13 ;   -435 ;     10 ;      7 ;    311 ;    554 ;    610 ;      0 ;      0 ;
2014-10-15 03:00 ;    650 ;    468 ;    249 ;     98 ;   1006 ;    143 ;     54 ;     -1 ;    165 ;   -617 ;    554 ;     13 ;   -434 ;     10 ;      6 ;    314 ;    547 ;    602 ;      0 ;      0 ;
2014-10-15 03:05 ;    644 ;    450 ;    248 ;    104 ;   1017 ;    144 ;     40 ;     -1 ;    182 ;   -540 ;    506 ;     13 ;   -433 ;     10 ;      7 ;    312 ;    551 ;    610 ;      0 ;      0 ;
2014-10-15 03:10 ;    651 ;    433 ;    251 ;     95 ;   1003 ;    147 ;     26 ;     -1 ;    123 ;   -494 ;    503 ;     13 ;   -376 ;     10 ;      7 ;    315 ;    550 ;    601 ;      0 ;      0 ;
2014-10-15 03:15 ;    646 ;    417 ;    253 ;     94 ;   1000 ;    155 ;     11 ;     -1 ;    152 ;   -468 ;    503 ;     13 ;   -376 ;     10 ;      6 ;    316 ;    555 ;    599 ;      0 ;      0 ;
2014-10-15 03:20 ;    646 ;    421 ;    250 ;     97 ;   1008 ;    161 ;      9 ;     -1 ;    145 ;   -480 ;    503 ;     13 ;   -375 ;     10 ;      5 ;    315 ;    563 ;    606 ;      0 ;      0 ;
2014-10-15 03:25 ;    650 ;    417 ;    249 ;     99 ;   1011 ;    150 ;      9 ;     -1 ;    142 ;   -452 ;    502 ;     13 ;   -375 ;     10 ;      5 ;    317 ;    557 ;    604 ;      0 ;      0 ;
2014-10-15 03:30 ;    652 ;    420 ;    256 ;     98 ;    982 ;    151 ;      9 ;     -1 ;    148 ;   -459 ;    503 ;     13 ;   -375 ;     10 ;      4 ;    321 ;    541 ;    593 ;      0 ;      0 ;
2014-10-15 03:35 ;    652 ;    417 ;    247 ;     99 ;   1001 ;    149 ;      9 ;     -1 ;    145 ;   -451 ;    504 ;     13 ;   -374 ;     10 ;      6 ;    319 ;    556 ;    594 ;      0 ;      0 ;
2014-10-15 03:40 ;    650 ;    415 ;    247 ;     98 ;    987 ;    147 ;      9 ;     -1 ;    162 ;   -441 ;    503 ;     13 ;   -375 ;     10 ;      5 ;    322 ;    545 ;    589 ;      0 ;      0 ;
2014-10-15 03:45 ;    647 ;    422 ;    246 ;     96 ;    997 ;    148 ;      9 ;     -1 ;    157 ;   -447 ;    503 ;     13 ;   -374 ;     10 ;      6 ;    321 ;    553 ;    592 ;      0 ;      0 ;
2014-10-15 03:50 ;    651 ;    418 ;    251 ;     95 ;    988 ;    153 ;      9 ;     -1 ;    163 ;   -450 ;    503 ;     12 ;   -377 ;     10 ;      3 ;    321 ;    553 ;    588 ;      0 ;      0 ;
2014-10-15 03:55 ;    665 ;    402 ;    249 ;     96 ;    994 ;    158 ;     10 ;     -1 ;    145 ;   -450 ;    502 ;     12 ;   -377 ;     10 ;      4 ;    321 ;    562 ;    590 ;      0 ;      0 ;
2014-10-15 04:00 ;    678 ;    400 ;    253 ;     96 ;    996 ;    159 ;      9 ;     -1 ;    138 ;   -453 ;    503 ;     11 ;   -377 ;     10 ;      6 ;    322 ;    570 ;    585 ;      0 ;      0 ;
2014-10-15 04:05 ;    670 ;    408 ;    249 ;     93 ;    990 ;    161 ;      9 ;     -1 ;    156 ;   -441 ;    503 ;     12 ;   -377 ;     10 ;      6 ;    325 ;    566 ;    586 ;      0 ;      0 ;
2014-10-15 04:10 ;    685 ;    443 ;    253 ;     95 ;    994 ;    161 ;      9 ;     -1 ;    140 ;   -493 ;    503 ;     13 ;   -376 ;     10 ;      5 ;    327 ;    573 ;    583 ;      0 ;      0 ;
2014-10-15 04:15 ;    676 ;    465 ;    243 ;     98 ;   1006 ;    170 ;      9 ;     -1 ;    151 ;   -516 ;    503 ;     12 ;   -376 ;     10 ;      5 ;    326 ;    575 ;    601 ;      0 ;      0 ;
2014-10-15 04:20 ;    671 ;    471 ;    250 ;     99 ;    992 ;    169 ;     10 ;     -1 ;    153 ;   -500 ;    502 ;     13 ;   -378 ;     10 ;      4 ;    328 ;    578 ;    583 ;      0 ;      0 ;
2014-10-15 04:25 ;    676 ;    468 ;    248 ;     98 ;    999 ;    169 ;     10 ;     -1 ;    136 ;   -526 ;    502 ;     13 ;   -377 ;     10 ;      6 ;    326 ;    585 ;    583 ;      0 ;      0 ;
2014-10-15 04:30 ;    665 ;    468 ;    248 ;     97 ;   1010 ;    166 ;     10 ;     -1 ;    158 ;   -513 ;    501 ;     13 ;   -378 ;     10 ;      5 ;    325 ;    582 ;    594 ;      0 ;      0 ;
2014-10-15 04:35 ;    670 ;    470 ;    249 ;     96 ;   1001 ;    159 ;     10 ;     -1 ;    160 ;   -502 ;    502 ;     13 ;   -377 ;     11 ;      5 ;    329 ;    581 ;    580 ;      0 ;      0 ;
2014-10-15 04:40 ;    681 ;    464 ;    253 ;     93 ;   1008 ;    156 ;     10 ;     -1 ;    163 ;   -483 ;    502 ;     13 ;   -377 ;     11 ;      6 ;    330 ;    577 ;    587 ;      0 ;      0 ;
2014-10-15 04:45 ;    685 ;    461 ;    252 ;     95 ;   1005 ;    160 ;      8 ;     -1 ;    163 ;   -493 ;    502 ;     13 ;   -377 ;     10 ;      5 ;    330 ;    582 ;    582 ;      0 ;      0 ;
2014-10-15 04:50 ;    686 ;    449 ;    250 ;     98 ;   1011 ;    162 ;     24 ;     -1 ;    144 ;   -485 ;    502 ;     13 ;   -377 ;     11 ;      5 ;    327 ;    589 ;    583 ;      0 ;      0 ;
2014-10-15 04:55 ;    698 ;    449 ;    250 ;    100 ;   1014 ;    161 ;     38 ;     -1 ;    160 ;   -490 ;    502 ;     13 ;   -398 ;     11 ;      6 ;    330 ;    583 ;    592 ;      0 ;      0 ;
2014-10-15 05:00 ;    735 ;    437 ;    250 ;     99 ;   1003 ;    159 ;     51 ;     -1 ;    129 ;   -531 ;    551 ;     14 ;   -419 ;     11 ;      4 ;    333 ;    588 ;    573 ;      0 ;      0 ;
2014-10-15 05:05 ;    764 ;    437 ;    253 ;     93 ;   1026 ;    165 ;     65 ;     -1 ;    159 ;   -623 ;    597 ;     14 ;   -470 ;     11 ;      5 ;    333 ;    589 ;    601 ;      0 ;      0 ;
2014-10-15 05:10 ;    780 ;    455 ;    253 ;     99 ;   1003 ;    162 ;     81 ;     -1 ;    130 ;   -626 ;    600 ;     14 ;   -469 ;     11 ;      5 ;    339 ;    591 ;    573 ;      0 ;      0 ;
2014-10-15 05:15 ;    786 ;    454 ;    257 ;     97 ;   1007 ;    166 ;     94 ;     -1 ;    117 ;   -625 ;    600 ;     14 ;   -477 ;     11 ;      5 ;    337 ;    598 ;    575 ;      0 ;      0 ;
2014-10-15 05:20 ;    768 ;    453 ;    255 ;    101 ;   1020 ;    157 ;     93 ;     -1 ;    150 ;   -639 ;    600 ;     15 ;   -481 ;     11 ;      6 ;    335 ;    599 ;    578 ;      0 ;      0 ;
2014-10-15 05:25 ;    769 ;    462 ;    255 ;     98 ;   1025 ;    161 ;     93 ;     -1 ;    148 ;   -632 ;    600 ;     15 ;   -479 ;     11 ;      6 ;    335 ;    600 ;    586 ;      0 ;      0 ;
2014-10-15 05:30 ;    754 ;    461 ;    255 ;     97 ;   1030 ;    158 ;     93 ;     -1 ;    111 ;   -560 ;    601 ;     15 ;   -423 ;     11 ;      4 ;    334 ;    599 ;    589 ;      0 ;      0 ;
2014-10-15 05:35 ;    747 ;    459 ;    256 ;     99 ;   1012 ;    152 ;     94 ;     -1 ;    132 ;   -538 ;    600 ;     16 ;   -424 ;     11 ;      5 ;    337 ;    591 ;    573 ;      0 ;      0 ;
2014-10-15 05:40 ;    750 ;    458 ;    251 ;     99 ;   1006 ;    153 ;     93 ;     -1 ;    152 ;   -523 ;    600 ;     16 ;   -423 ;     11 ;      7 ;    341 ;    590 ;    569 ;      0 ;      0 ;
2014-10-15 05:45 ;    756 ;    465 ;    253 ;    100 ;   1013 ;    148 ;     93 ;     -1 ;    151 ;   -518 ;    600 ;     16 ;   -422 ;     11 ;      4 ;    344 ;    585 ;    576 ;      0 ;      0 ;
2014-10-15 05:50 ;    757 ;    463 ;    255 ;    100 ;   1015 ;    147 ;    176 ;     -1 ;    132 ;   -541 ;    600 ;     16 ;   -460 ;     11 ;      5 ;    339 ;    578 ;    583 ;      0 ;      0 ;
2014-10-15 05:55 ;    762 ;    464 ;    251 ;    100 ;   1024 ;    139 ;    258 ;     -1 ;    127 ;   -426 ;    454 ;     17 ;   -509 ;     11 ;      6 ;    333 ;    576 ;    587 ;      0 ;      0 ;
2014-10-15 06:00 ;    820 ;    468 ;    249 ;     98 ;    995 ;    139 ;    345 ;     -1 ;     70 ;   -319 ;    311 ;     17 ;   -549 ;     11 ;      5 ;    332 ;    565 ;    568 ;      0 ;      0 ;
2014-10-15 06:05 ;    891 ;    510 ;    254 ;     97 ;    993 ;    136 ;    430 ;     -1 ;      1 ;   -221 ;    168 ;     18 ;   -577 ;     11 ;      5 ;    335 ;    568 ;    561 ;      0 ;      0 ;
2014-10-15 06:10 ;    900 ;    546 ;    253 ;     99 ;    995 ;    138 ;    517 ;     -1 ;    -47 ;   -104 ;     26 ;     19 ;   -578 ;     11 ;      4 ;    321 ;    568 ;    565 ;      0 ;      0 ;
2014-10-15 06:15 ;    904 ;    584 ;    261 ;     95 ;    991 ;    144 ;    602 ;     -1 ;    -87 ;   -139 ;     18 ;     20 ;   -589 ;     11 ;      6 ;    328 ;    568 ;    567 ;      0 ;      0 ;
2014-10-15 06:20 ;    916 ;    630 ;    257 ;     96 ;    982 ;    152 ;    602 ;     -1 ;    -70 ;   -177 ;     18 ;     20 ;   -587 ;     11 ;      5 ;    335 ;    576 ;    558 ;      0 ;      0 ;
2014-10-15 06:25 ;    892 ;    652 ;    260 ;     97 ;    995 ;    153 ;    602 ;     -1 ;    -34 ;   -159 ;     18 ;     20 ;   -578 ;     11 ;      6 ;    326 ;    578 ;    570 ;      0 ;      0 ;
2014-10-15 06:30 ;    914 ;    690 ;    254 ;     94 ;   1000 ;    148 ;    603 ;     -1 ;    -11 ;   -196 ;     19 ;     20 ;   -581 ;     11 ;      4 ;    335 ;    575 ;    573 ;      0 ;      0 ;
2014-10-15 06:35 ;    926 ;    714 ;    258 ;     98 ;   1000 ;    148 ;    602 ;     -1 ;    -35 ;   -152 ;     18 ;     20 ;   -536 ;     11 ;      5 ;    336 ;    576 ;    572 ;      0 ;      0 ;
2014-10-15 06:40 ;    938 ;    726 ;    258 ;    101 ;    997 ;    147 ;    602 ;     -1 ;    -11 ;   -172 ;     18 ;     21 ;   -539 ;     11 ;      5 ;    340 ;    577 ;    567 ;      0 ;      0 ;
2014-10-15 06:45 ;    924 ;    730 ;    260 ;    100 ;    982 ;    152 ;    602 ;     -1 ;     38 ;   -147 ;     18 ;     22 ;   -545 ;     11 ;      5 ;    340 ;    575 ;    558 ;      0 ;      0 ;
2014-10-15 06:50 ;    952 ;    747 ;    271 ;     98 ;    997 ;    153 ;    666 ;     -1 ;    -33 ;   -124 ;      0 ;     22 ;   -535 ;     11 ;      6 ;    335 ;    574 ;    576 ;      0 ;      0 ;
2014-10-15 06:55 ;    916 ;    780 ;    291 ;    105 ;   1009 ;    147 ;    729 ;     -1 ;    -67 ;      4 ;   -145 ;     23 ;   -531 ;     11 ;      5 ;    332 ;    576 ;    580 ;      0 ;      0 ;
2014-10-15 07:00 ;    874 ;    790 ;    302 ;    102 ;   1011 ;    144 ;    793 ;     -1 ;    -14 ;    114 ;   -284 ;     23 ;   -580 ;     11 ;      4 ;    319 ;    574 ;    581 ;      0 ;      0 ;
2014-10-15 07:05 ;    885 ;    789 ;    332 ;    107 ;    995 ;    147 ;    855 ;     -1 ;     -8 ;    306 ;   -420 ;     25 ;   -577 ;     11 ;      5 ;    311 ;    578 ;    564 ;      0 ;      0 ;
2014-10-15 07:10 ;    903 ;    775 ;    338 ;    107 ;    992 ;    149 ;    916 ;     -1 ;    -23 ;    459 ;   -558 ;     26 ;   -587 ;     11 ;      5 ;    307 ;    577 ;    563 ;      0 ;      0 ;
2014-10-15 07:15 ;    920 ;    765 ;    342 ;    112 ;   1007 ;    159 ;    975 ;     -1 ;    -47 ;    500 ;   -585 ;     26 ;   -599 ;     11 ;      6 ;    300 ;    578 ;    587 ;      0 ;      0 ;
2014-10-15 07:20 ;    929 ;    768 ;    339 ;    113 ;    983 ;    157 ;    977 ;     -1 ;    -35 ;    517 ;   -585 ;     26 ;   -601 ;     11 ;      6 ;    299 ;    575 ;    565 ;      0 ;      0 ;
2014-10-15 07:25 ;    944 ;    756 ;    358 ;    110 ;    973 ;    154 ;    977 ;     -1 ;    -50 ;    552 ;   -585 ;     26 ;   -601 ;     11 ;      5 ;    299 ;    570 ;    557 ;      0 ;      0 ;
2014-10-15 07:30 ;    935 ;    747 ;    378 ;    111 ;    975 ;    151 ;    976 ;     -1 ;    -29 ;    564 ;   -585 ;     26 ;   -602 ;     11 ;      4 ;    295 ;    566 ;    560 ;      0 ;      0 ;
2014-10-15 07:35 ;    950 ;    747 ;    390 ;    108 ;    973 ;    146 ;    977 ;     -1 ;      1 ;    583 ;   -586 ;     27 ;   -602 ;     11 ;      4 ;    294 ;    563 ;    556 ;      0 ;      0 ;
2014-10-15 07:40 ;    956 ;    760 ;    401 ;    112 ;    986 ;    151 ;    977 ;     -1 ;    -51 ;    594 ;   -586 ;     27 ;   -571 ;     11 ;      4 ;    298 ;    565 ;    572 ;      0 ;      0 ;
2014-10-15 07:45 ;    949 ;    774 ;    405 ;    112 ;    993 ;    159 ;    977 ;     -1 ;    -43 ;    589 ;   -585 ;     27 ;   -571 ;     11 ;      4 ;    298 ;    570 ;    583 ;      0 ;      0 ;
2014-10-15 07:50 ;    949 ;    775 ;    416 ;    114 ;   1000 ;    159 ;    977 ;     -1 ;    -51 ;    614 ;   -586 ;     27 ;   -570 ;     11 ;      5 ;    296 ;    568 ;    590 ;      0 ;      0 ;
2014-10-15 07:55 ;    965 ;    776 ;    444 ;    120 ;   1000 ;    159 ;    977 ;     -1 ;    -31 ;    606 ;   -586 ;     28 ;   -570 ;     11 ;      5 ;    297 ;    562 ;    596 ;      0 ;      0 ;
2014-10-15 08:00 ;    988 ;    791 ;    472 ;    128 ;    981 ;    156 ;    977 ;     -1 ;    -70 ;    596 ;   -586 ;     28 ;   -591 ;     11 ;      5 ;    306 ;    564 ;    573 ;      0 ;      0 ;
2014-10-15 08:05 ;    939 ;    800 ;    512 ;    129 ;    980 ;    159 ;    977 ;     -1 ;    -40 ;    576 ;   -586 ;     28 ;   -590 ;     11 ;      6 ;    301 ;    570 ;    569 ;      0 ;      0 ;
2014-10-15 08:10 ;    932 ;    809 ;    524 ;    137 ;    990 ;    156 ;    977 ;     -1 ;    -33 ;    579 ;   -586 ;     28 ;   -590 ;     11 ;      4 ;    300 ;    572 ;    575 ;      0 ;      0 ;
2014-10-15 08:15 ;    943 ;    824 ;    529 ;    142 ;    996 ;    148 ;    976 ;     -1 ;    -35 ;    571 ;   -585 ;     25 ;   -590 ;     11 ;      6 ;    304 ;    577 ;    567 ;      0 ;      0 ;
2014-10-15 08:20 ;    953 ;    824 ;    530 ;    152 ;   1007 ;    154 ;    977 ;     -1 ;    -52 ;    547 ;   -586 ;     24 ;   -590 ;     11 ;      7 ;    309 ;    586 ;    575 ;      0 ;      0 ;
2014-10-15 08:25 ;    950 ;    830 ;    523 ;    155 ;    998 ;    160 ;    977 ;     -1 ;    -39 ;    554 ;   -585 ;     23 ;   -590 ;     11 ;      6 ;    309 ;    588 ;    571 ;      0 ;      0 ;
2014-10-15 08:30 ;    957 ;    841 ;    519 ;    148 ;   1003 ;    159 ;    977 ;     -1 ;    -42 ;    555 ;   -585 ;     22 ;   -590 ;     11 ;      7 ;    311 ;    592 ;    570 ;      1 ;      1 ;
2014-10-15 08:35 ;    967 ;    832 ;    520 ;    150 ;   1006 ;    160 ;    976 ;     -1 ;    -37 ;    563 ;   -585 ;     22 ;   -590 ;     11 ;      6 ;    310 ;    599 ;    567 ;      1 ;      1 ;
2014-10-15 08:40 ;    963 ;    835 ;    524 ;    151 ;   1015 ;    159 ;    977 ;     -1 ;    -85 ;    620 ;   -586 ;     21 ;   -536 ;     11 ;      5 ;    310 ;    600 ;    573 ;      2 ;      1 ;
2014-10-15 08:45 ;    927 ;    842 ;    524 ;    147 ;   1011 ;    151 ;    977 ;     -1 ;   -128 ;    703 ;   -585 ;     20 ;   -468 ;     11 ;      6 ;    306 ;    603 ;    559 ;      2 ;      1 ;
2014-10-15 08:50 ;    915 ;    840 ;    524 ;    152 ;   1003 ;    155 ;    977 ;     -1 ;   -103 ;    695 ;   -586 ;     19 ;   -492 ;     11 ;      6 ;    304 ;    603 ;    555 ;      3 ;      1 ;
2014-10-15 08:55 ;    878 ;    840 ;    537 ;    153 ;    999 ;    159 ;    977 ;     -1 ;    -73 ;    670 ;   -586 ;     19 ;   -493 ;     11 ;      8 ;    300 ;    609 ;    549 ;      4 ;      2 ;
2014-10-15 09:00 ;    802 ;    845 ;    552 ;    157 ;   1000 ;    162 ;    977 ;     -1 ;    -29 ;    665 ;   -586 ;     17 ;   -493 ;     11 ;      6 ;    291 ;    610 ;    552 ;      4 ;      2 ;
2014-10-15 09:05 ;    780 ;    849 ;    538 ;    156 ;   1004 ;    170 ;    977 ;     -1 ;    -73 ;    726 ;   -586 ;     17 ;   -436 ;     11 ;      5 ;    288 ;    618 ;    555 ;      5 ;      2 ;
2014-10-15 09:10 ;    745 ;    848 ;    533 ;    163 ;   1000 ;    171 ;    977 ;     -1 ;    -85 ;    787 ;   -586 ;     16 ;   -376 ;     12 ;      6 ;    282 ;    615 ;    555 ;      6 ;      2 ;
2014-10-15 09:15 ;    715 ;    829 ;    529 ;    160 ;   1004 ;    178 ;    977 ;     -1 ;    -61 ;    807 ;   -586 ;     16 ;   -373 ;     12 ;      5 ;    276 ;    613 ;    570 ;      7 ;      2 ;
2014-10-15 09:20 ;    732 ;    825 ;    527 ;    160 ;   1021 ;    174 ;    977 ;     -1 ;    -79 ;    837 ;   -586 ;     15 ;   -367 ;     12 ;      5 ;    277 ;    615 ;    579 ;      7 ;      3 ;
2014-10-15 09:25 ;    694 ;    822 ;    527 ;    159 ;   1018 ;    173 ;    977 ;     -1 ;    -43 ;    842 ;   -586 ;     15 ;   -366 ;     12 ;      5 ;    271 ;    614 ;    578 ;      8 ;      3 ;
2014-10-15 09:30 ;    704 ;    825 ;    525 ;    160 ;    993 ;    174 ;    975 ;     -1 ;    -29 ;    852 ;   -586 ;     14 ;   -366 ;     12 ;      5 ;    272 ;    608 ;    559 ;     10 ;      3 ;
2014-10-15 09:35 ;    724 ;    825 ;    528 ;    162 ;    995 ;    176 ;    975 ;     -1 ;    -44 ;    851 ;   -586 ;     15 ;   -366 ;     12 ;      7 ;    274 ;    609 ;    562 ;     10 ;      4 ;
2014-10-15 09:40 ;    712 ;    829 ;    529 ;    161 ;   1017 ;    166 ;    976 ;     -1 ;    -74 ;    886 ;   -585 ;     16 ;   -315 ;     12 ;      7 ;    272 ;    610 ;    572 ;     11 ;      4 ;
2014-10-15 09:45 ;    708 ;    829 ;    527 ;    161 ;   1030 ;    174 ;    975 ;     -1 ;    -66 ;    917 ;   -586 ;     16 ;   -314 ;     12 ;      4 ;    268 ;    605 ;    599 ;     12 ;      4 ;
2014-10-15 09:50 ;    702 ;    833 ;    529 ;    160 ;    994 ;    166 ;    976 ;     -1 ;    -47 ;    919 ;   -586 ;     16 ;   -310 ;     11 ;      4 ;    269 ;    597 ;    563 ;     13 ;      4 ;
2014-10-15 09:55 ;    706 ;    830 ;    529 ;    160 ;   1033 ;    174 ;    975 ;     -1 ;    -36 ;    917 ;   -585 ;     15 ;   -308 ;     11 ;      6 ;    266 ;    592 ;    614 ;     13 ;      4 ;
2014-10-15 10:00 ;    717 ;    821 ;    514 ;    163 ;   1028 ;    179 ;    975 ;     -1 ;    -54 ;    961 ;   -586 ;     15 ;   -275 ;     11 ;      5 ;    264 ;    590 ;    617 ;     14 ;      5 ;
2014-10-15 10:05 ;    706 ;    813 ;    526 ;    159 ;   1020 ;    174 ;    976 ;     -1 ;    -79 ;   1026 ;   -586 ;     15 ;   -241 ;     11 ;      6 ;    261 ;    580 ;    614 ;     15 ;      5 ;
2014-10-15 10:10 ;    695 ;    791 ;    524 ;    159 ;   1044 ;    170 ;    975 ;     -1 ;    -68 ;   1051 ;   -585 ;     15 ;   -243 ;     11 ;      5 ;    254 ;    573 ;    640 ;     16 ;      6 ;
2014-10-15 10:15 ;    688 ;    771 ;    520 ;    159 ;   1040 ;    167 ;    976 ;     -1 ;    -54 ;   1062 ;   -586 ;     16 ;   -243 ;     11 ;      6 ;    251 ;    573 ;    634 ;     15 ;      6 ;
2014-10-15 10:20 ;    685 ;    770 ;    523 ;    156 ;   1030 ;    158 ;    976 ;     -1 ;    -35 ;   1078 ;   -585 ;     15 ;   -242 ;     11 ;      7 ;    249 ;    573 ;    614 ;     16 ;      7 ;
2014-10-15 10:25 ;    682 ;    769 ;    523 ;    162 ;   1037 ;    155 ;    975 ;     -1 ;    -37 ;   1082 ;   -586 ;     15 ;   -244 ;     11 ;      6 ;    249 ;    567 ;    625 ;     17 ;      7 ;
2014-10-15 10:30 ;    694 ;    775 ;    524 ;    160 ;   1047 ;    163 ;    975 ;     -1 ;    -38 ;   1063 ;   -585 ;     14 ;   -248 ;     11 ;      7 ;    250 ;    572 ;    637 ;     18 ;      7 ;
2014-10-15 10:35 ;    733 ;    783 ;    520 ;    162 ;   1036 ;    147 ;    976 ;     -1 ;    -14 ;    972 ;   -585 ;     14 ;   -346 ;     11 ;      6 ;    257 ;    571 ;    612 ;     19 ;      7 ;
2014-10-15 10:40 ;    778 ;    801 ;    519 ;    161 ;   1037 ;    149 ;    975 ;     -1 ;     17 ;    860 ;   -585 ;     14 ;   -433 ;     11 ;      6 ;    265 ;    572 ;    615 ;     18 ;      8 ;
2014-10-15 10:45 ;    765 ;    821 ;    518 ;    162 ;   1036 ;    158 ;    974 ;     -1 ;     38 ;    832 ;   -585 ;     14 ;   -437 ;     11 ;      6 ;    267 ;    572 ;    622 ;     19 ;      8 ;
2014-10-15 10:50 ;    781 ;    827 ;    516 ;    164 ;   1038 ;    149 ;    974 ;     -1 ;     37 ;    829 ;   -585 ;     14 ;   -439 ;     11 ;      6 ;    272 ;    564 ;    622 ;     20 ;      8 ;
2014-10-15 10:55 ;    876 ;    823 ;    518 ;    163 ;   1018 ;    145 ;    976 ;     -1 ;    -63 ;    848 ;   -586 ;     15 ;   -441 ;     11 ;      4 ;    285 ;    560 ;    604 ;     22 ;      7 ;
2014-10-15 11:00 ;    904 ;    816 ;    525 ;    164 ;   1039 ;    140 ;    976 ;     -1 ;   -105 ;    880 ;   -586 ;     15 ;   -421 ;     11 ;      4 ;    287 ;    554 ;    625 ;     24 ;      9 ;
2014-10-15 11:05 ;    869 ;    819 ;    522 ;    166 ;   1030 ;    137 ;    976 ;     -1 ;    -66 ;    893 ;   -585 ;     14 ;   -419 ;     11 ;      4 ;    282 ;    552 ;    615 ;     25 ;      9 ;
2014-10-15 11:10 ;    857 ;    806 ;    528 ;    167 ;   1049 ;    132 ;    976 ;     -1 ;    -85 ;    894 ;   -585 ;     15 ;   -420 ;     11 ;      3 ;    280 ;    548 ;    633 ;     26 ;     10 ;
2014-10-15 11:15 ;    847 ;    798 ;    528 ;    166 ;   1027 ;    130 ;    976 ;     -1 ;    -45 ;    878 ;   -586 ;     16 ;   -449 ;     11 ;      4 ;    279 ;    544 ;    613 ;     25 ;     10 ;
2014-10-15 11:20 ;    868 ;    795 ;    526 ;    164 ;   1008 ;    129 ;    976 ;     -1 ;    -71 ;    880 ;   -586 ;     16 ;   -449 ;     11 ;      4 ;    283 ;    545 ;    593 ;     24 ;     10 ;
2014-10-15 11:25 ;    857 ;    796 ;    531 ;    165 ;   1027 ;    128 ;    976 ;     -1 ;    -85 ;    885 ;   -585 ;     15 ;   -449 ;     12 ;      3 ;    282 ;    540 ;    615 ;     28 ;     11 ;
2014-10-15 11:30 ;    845 ;    791 ;    533 ;    168 ;   1031 ;    131 ;    976 ;     -1 ;    -71 ;    874 ;   -585 ;     16 ;   -448 ;     12 ;      4 ;    279 ;    538 ;    623 ;     26 ;     12 ;
2014-10-15 11:35 ;    842 ;    793 ;    528 ;    172 ;    986 ;    135 ;    976 ;     -1 ;    -58 ;    866 ;   -586 ;     16 ;   -447 ;     12 ;      4 ;    281 ;    533 ;    588 ;     29 ;     11 ;
2014-10-15 11:40 ;    848 ;    805 ;    523 ;    176 ;   1007 ;    136 ;    976 ;     -1 ;    -37 ;    847 ;   -586 ;     15 ;   -446 ;     12 ;      3 ;    282 ;    536 ;    607 ;     26 ;     10 ;
2014-10-15 11:45 ;    852 ;    802 ;    527 ;    174 ;    993 ;    135 ;    976 ;     -1 ;    -60 ;    844 ;   -585 ;     15 ;   -446 ;     12 ;      2 ;    284 ;    534 ;    595 ;     26 ;     10 ;
2014-10-15 11:50 ;    838 ;    806 ;    525 ;    169 ;    995 ;    134 ;    972 ;     -1 ;    -65 ;    849 ;   -585 ;     14 ;   -445 ;     12 ;      4 ;    283 ;    531 ;    598 ;     25 ;     11 ;
2014-10-15 11:55 ;    837 ;    807 ;    521 ;    173 ;    998 ;    124 ;    970 ;     -1 ;    -54 ;    838 ;   -558 ;     14 ;   -445 ;     12 ;      3 ;    282 ;    516 ;    606 ;     26 ;     11 ;
2014-10-15 12:00 ;    816 ;    815 ;    521 ;    174 ;   1000 ;    122 ;    965 ;     -1 ;     14 ;    626 ;   -430 ;     13 ;   -513 ;     12 ;      2 ;    282 ;    514 ;    609 ;     26 ;     12 ;
2014-10-15 12:05 ;    810 ;    810 ;    509 ;    176 ;   1001 ;    129 ;    966 ;     -1 ;     90 ;    399 ;   -281 ;     14 ;   -581 ;     12 ;      3 ;    279 ;    505 ;    625 ;     26 ;     13 ;
2014-10-15 12:10 ;    849 ;    816 ;    494 ;    175 ;    998 ;    124 ;    961 ;     -1 ;     79 ;    354 ;   -251 ;     13 ;   -588 ;     12 ;      3 ;    285 ;    497 ;    624 ;     28 ;     12 ;
2014-10-15 12:15 ;    851 ;    820 ;    498 ;    172 ;   1012 ;    120 ;    956 ;     -1 ;     75 ;    356 ;   -249 ;     13 ;   -589 ;     12 ;      3 ;    286 ;    497 ;    635 ;     28 ;     13 ;
2014-10-15 12:20 ;    832 ;    809 ;    502 ;    169 ;   1011 ;    116 ;    957 ;     -1 ;     81 ;    355 ;   -249 ;     13 ;   -588 ;     12 ;      2 ;    282 ;    495 ;    632 ;     33 ;     13 ;
2014-10-15 12:25 ;    849 ;    791 ;    504 ;    170 ;   1009 ;    121 ;    956 ;     -1 ;     62 ;    382 ;   -249 ;     13 ;   -590 ;     12 ;      2 ;    281 ;    494 ;    635 ;     32 ;     12 ;
2014-10-15 12:30 ;    841 ;    774 ;    495 ;    168 ;    988 ;    121 ;    956 ;     -1 ;     85 ;    404 ;   -250 ;     13 ;   -590 ;     12 ;      3 ;    276 ;    496 ;    612 ;     34 ;     11 ;
2014-10-15 12:35 ;    852 ;    762 ;    492 ;    172 ;   1004 ;    122 ;    956 ;     -1 ;     99 ;    403 ;   -249 ;     14 ;   -590 ;     12 ;      3 ;    273 ;    496 ;    629 ;     33 ;     13 ;
2014-10-15 12:40 ;    852 ;    754 ;    487 ;    169 ;   1015 ;    115 ;    957 ;     -1 ;    126 ;    406 ;   -249 ;     13 ;   -590 ;     12 ;      5 ;    269 ;    494 ;    635 ;     30 ;     15 ;
2014-10-15 12:45 ;    868 ;    757 ;    483 ;    170 ;   1007 ;    116 ;    961 ;     -1 ;     86 ;    456 ;   -249 ;     13 ;   -552 ;     12 ;      6 ;    270 ;    497 ;    626 ;     31 ;     15 ;
2014-10-15 12:50 ;    830 ;    783 ;    470 ;    164 ;    929 ;    113 ;    960 ;     -1 ;    -59 ;    571 ;   -250 ;     14 ;   -387 ;     12 ;      5 ;    275 ;    500 ;    543 ;     32 ;     16 ;
2014-10-15 12:55 ;    788 ;    783 ;    489 ;    173 ;    972 ;    116 ;    956 ;     -1 ;    -36 ;    581 ;   -250 ;     14 ;   -384 ;     12 ;      6 ;    266 ;    499 ;    589 ;     30 ;     19 ;
2014-10-15 13:00 ;    735 ;    785 ;    486 ;    168 ;    975 ;    115 ;    965 ;     -1 ;     30 ;    537 ;   -208 ;     14 ;   -384 ;     12 ;      6 ;    255 ;    501 ;    589 ;     29 ;     19 ;
2014-10-15 13:05 ;    704 ;    783 ;    475 ;    177 ;    987 ;    122 ;   1024 ;     -1 ;     54 ;    494 ;   -166 ;     14 ;   -384 ;     12 ;      5 ;    245 ;    500 ;    609 ;     30 ;     20 ;
2014-10-15 13:10 ;    732 ;    787 ;    461 ;    171 ;    989 ;    114 ;    976 ;     -1 ;      3 ;    572 ;   -163 ;     14 ;   -313 ;     13 ;      6 ;    251 ;    499 ;    604 ;     30 ;     17 ;
2014-10-15 13:15 ;    770 ;    795 ;    462 ;    170 ;    991 ;    108 ;    982 ;     -1 ;    -62 ;    556 ;   -163 ;     15 ;   -311 ;     13 ;      5 ;    260 ;    499 ;    599 ;     33 ;     16 ;
2014-10-15 13:20 ;    771 ;    797 ;    462 ;    172 ;   1001 ;    120 ;    977 ;     -1 ;    -56 ;    552 ;   -163 ;     14 ;   -311 ;     13 ;      6 ;    260 ;    500 ;    620 ;     33 ;     16 ;
2014-10-15 13:25 ;    778 ;    814 ;    461 ;    170 ;    999 ;    126 ;    976 ;     -1 ;    -68 ;    550 ;   -163 ;     15 ;   -312 ;     13 ;      5 ;    262 ;    501 ;    625 ;     34 ;     15 ;
2014-10-15 13:30 ;    776 ;    816 ;    463 ;    173 ;    996 ;    123 ;    976 ;     -1 ;    -77 ;    524 ;   -163 ;     15 ;   -312 ;     13 ;      4 ;    266 ;    502 ;    617 ;     35 ;     15 ;
2014-10-15 13:35 ;    775 ;    817 ;    464 ;    174 ;    994 ;    131 ;    975 ;     -1 ;    -71 ;    509 ;   -163 ;     15 ;   -312 ;     13 ;      5 ;    267 ;    503 ;    622 ;     40 ;     15 ;
2014-10-15 13:40 ;    781 ;    837 ;    457 ;    172 ;    991 ;    118 ;    981 ;     -1 ;    -49 ;    473 ;   -163 ;     15 ;   -344 ;     13 ;      3 ;    271 ;    496 ;    613 ;     42 ;     15 ;
2014-10-15 13:45 ;    784 ;    830 ;    459 ;    176 ;   1000 ;    117 ;    977 ;     -1 ;    -62 ;    473 ;   -163 ;     15 ;   -344 ;     13 ;      4 ;    272 ;    495 ;    623 ;     40 ;     16 ;
2014-10-15 13:50 ;    781 ;    824 ;    459 ;    176 ;    998 ;    114 ;    976 ;     -1 ;    -63 ;    473 ;   -163 ;     14 ;   -344 ;     13 ;      6 ;    271 ;    491 ;    622 ;     37 ;     16 ;
2014-10-15 13:55 ;    768 ;    824 ;    460 ;    175 ;    994 ;    113 ;    975 ;     -1 ;    -35 ;    500 ;   -163 ;     14 ;   -344 ;     13 ;      5 ;    268 ;    484 ;    623 ;     36 ;     15 ;
2014-10-15 14:00 ;    759 ;    872 ;    459 ;    151 ;    993 ;    105 ;    975 ;     -1 ;     -9 ;    430 ;   -150 ;     14 ;   -347 ;     13 ;      6 ;    276 ;    483 ;    616 ;     35 ;     14 ;
2014-10-15 14:05 ;    780 ;    893 ;    454 ;    172 ;    996 ;    101 ;    968 ;     -1 ;     51 ;    321 ;   -134 ;     14 ;   -417 ;     13 ;      6 ;    284 ;    482 ;    615 ;     32 ;     14 ;
2014-10-15 14:10 ;    783 ;    895 ;    449 ;    168 ;    997 ;    100 ;    986 ;     -1 ;     38 ;    320 ;   -131 ;     14 ;   -419 ;     13 ;      5 ;    284 ;    484 ;    614 ;     32 ;     15 ;
2014-10-15 14:15 ;    788 ;    890 ;    445 ;    175 ;    998 ;    106 ;    977 ;     -1 ;     46 ;    321 ;   -131 ;     14 ;   -421 ;     13 ;      4 ;    283 ;    482 ;    622 ;     33 ;     14 ;
2014-10-15 14:20 ;    800 ;    895 ;    443 ;    172 ;    993 ;    104 ;    976 ;     -1 ;     47 ;    310 ;   -131 ;     14 ;   -420 ;     13 ;      7 ;    286 ;    480 ;    618 ;     32 ;     13 ;
2014-10-15 14:25 ;    797 ;    885 ;    448 ;    172 ;    998 ;    106 ;    976 ;     -1 ;     39 ;    329 ;   -131 ;     16 ;   -420 ;     13 ;      6 ;    283 ;    477 ;    626 ;     31 ;     13 ;
2014-10-15 14:30 ;    786 ;    875 ;    433 ;    168 ;   1028 ;    102 ;    976 ;     -1 ;     30 ;    334 ;   -131 ;     19 ;   -420 ;     13 ;      7 ;    279 ;    475 ;    654 ;     31 ;     13 ;
2014-10-15 14:35 ;    794 ;    862 ;    439 ;    154 ;   1008 ;    105 ;    976 ;     -1 ;      8 ;    364 ;   -131 ;     19 ;   -421 ;     13 ;      5 ;    278 ;    480 ;    633 ;     31 ;     14 ;
2014-10-15 14:40 ;    802 ;    821 ;    436 ;    153 ;   1025 ;    113 ;    976 ;     -1 ;    -17 ;    395 ;   -131 ;     23 ;   -421 ;     13 ;      7 ;    271 ;    480 ;    658 ;     30 ;     14 ;
2014-10-15 14:45 ;    790 ;    812 ;    435 ;    130 ;   1044 ;    113 ;    976 ;     -1 ;    -15 ;    411 ;   -131 ;     27 ;   -421 ;     13 ;      6 ;    266 ;    485 ;    671 ;     30 ;     13 ;
2014-10-15 14:50 ;    791 ;    808 ;    437 ;    129 ;   1038 ;    117 ;    977 ;     -1 ;    -20 ;    410 ;   -131 ;     27 ;   -423 ;     13 ;      6 ;    266 ;    490 ;    664 ;     27 ;     13 ;
2014-10-15 14:55 ;    791 ;    807 ;    437 ;    129 ;   1024 ;    111 ;    973 ;     -1 ;    -22 ;    412 ;   -131 ;     26 ;   -422 ;     13 ;      6 ;    268 ;    483 ;    651 ;     27 ;     13 ;
2014-10-15 15:00 ;    791 ;    806 ;    437 ;    128 ;   1024 ;    113 ;    973 ;     -1 ;     11 ;    350 ;   -131 ;     25 ;   -479 ;     13 ;      6 ;    269 ;    485 ;    651 ;     26 ;     12 ;
2014-10-15 15:05 ;    790 ;    813 ;    435 ;    126 ;   1049 ;    108 ;    970 ;     -1 ;     42 ;    312 ;   -131 ;     25 ;   -505 ;     12 ;      6 ;    268 ;    487 ;    670 ;     26 ;     12 ;
2014-10-15 15:10 ;    786 ;    816 ;    431 ;    125 ;   1042 ;    106 ;    969 ;     -1 ;     40 ;    296 ;   -130 ;     24 ;   -508 ;     12 ;      7 ;    269 ;    489 ;    660 ;     26 ;     11 ;
2014-10-15 15:15 ;    792 ;    812 ;    428 ;    124 ;   1026 ;    103 ;    968 ;     -1 ;     41 ;    311 ;   -130 ;     24 ;   -508 ;     12 ;      5 ;    270 ;    484 ;    645 ;     24 ;     10 ;
2014-10-15 15:20 ;    787 ;    814 ;    418 ;    120 ;   1023 ;    101 ;    969 ;     -1 ;     27 ;    299 ;   -130 ;     23 ;   -507 ;     12 ;      6 ;    271 ;    480 ;    644 ;     24 ;     10 ;
2014-10-15 15:25 ;    790 ;    815 ;    426 ;    118 ;    998 ;     99 ;    968 ;     -1 ;     15 ;    310 ;   -130 ;     23 ;   -507 ;     12 ;      5 ;    274 ;    478 ;    620 ;     23 ;      9 ;
2014-10-15 15:30 ;    789 ;    815 ;    433 ;    118 ;    986 ;     95 ;    966 ;     -1 ;     41 ;    247 ;   -130 ;     23 ;   -550 ;     12 ;      6 ;    276 ;    471 ;    610 ;     22 ;      9 ;
2014-10-15 15:35 ;    790 ;    819 ;    434 ;    119 ;    993 ;     96 ;    966 ;     -1 ;     27 ;    245 ;   -130 ;     23 ;   -545 ;     12 ;      6 ;    277 ;    472 ;    617 ;     22 ;      9 ;
2014-10-15 15:40 ;    791 ;    819 ;    436 ;    116 ;    971 ;     94 ;    966 ;     -1 ;     23 ;    262 ;   -130 ;     22 ;   -544 ;     13 ;      6 ;    279 ;    465 ;    600 ;     22 ;      8 ;
2014-10-15 15:45 ;    793 ;    803 ;    432 ;    117 ;    994 ;     95 ;    966 ;     -1 ;     28 ;    262 ;   -130 ;     22 ;   -544 ;     13 ;      5 ;    275 ;    464 ;    625 ;     22 ;      8 ;
2014-10-15 15:50 ;    789 ;    807 ;    434 ;    116 ;    987 ;     98 ;    969 ;     -1 ;     -2 ;    299 ;   -130 ;     22 ;   -512 ;     13 ;      6 ;    276 ;    460 ;    624 ;     22 ;      8 ;
2014-10-15 15:55 ;    789 ;    797 ;    434 ;    113 ;    986 ;     97 ;    968 ;     -1 ;    -40 ;    366 ;   -157 ;     22 ;   -479 ;     13 ;      5 ;    275 ;    462 ;    621 ;     22 ;      8 ;
2014-10-15 16:00 ;    781 ;    797 ;    432 ;    112 ;    977 ;    100 ;    970 ;     -1 ;    -76 ;    526 ;   -281 ;     22 ;   -444 ;     13 ;      6 ;    276 ;    464 ;    613 ;     23 ;      8 ;
2014-10-15 16:05 ;    773 ;    801 ;    430 ;    110 ;   1013 ;     97 ;    972 ;     -1 ;   -113 ;    678 ;   -425 ;     22 ;   -413 ;     12 ;      5 ;    275 ;    465 ;    645 ;     23 ;      8 ;
2014-10-15 16:10 ;    769 ;    796 ;    432 ;    115 ;   1015 ;    103 ;    973 ;     -1 ;   -154 ;    763 ;   -451 ;     22 ;   -378 ;     12 ;      4 ;    274 ;    464 ;    654 ;     24 ;      8 ;
2014-10-15 16:15 ;    772 ;    806 ;    428 ;    106 ;    988 ;     97 ;    972 ;     -1 ;   -190 ;    781 ;   -453 ;     21 ;   -346 ;     12 ;      9 ;    278 ;    461 ;    625 ;     25 ;      7 ;
2014-10-15 16:20 ;    791 ;    813 ;    424 ;    112 ;    977 ;     95 ;    974 ;     -1 ;   -190 ;    769 ;   -453 ;     22 ;   -344 ;     12 ;      5 ;    282 ;    462 ;    610 ;     23 ;      7 ;
2014-10-15 16:25 ;    902 ;    804 ;    424 ;    111 ;    983 ;     98 ;    974 ;     -1 ;   -119 ;    605 ;   -453 ;     22 ;   -550 ;     12 ;      5 ;    297 ;    461 ;    620 ;     20 ;      6 ;
2014-10-15 16:30 ;    975 ;    796 ;    433 ;    111 ;    995 ;     98 ;    974 ;     -1 ;   -166 ;    611 ;   -452 ;     22 ;   -557 ;     12 ;      4 ;    305 ;    458 ;    636 ;     19 ;      6 ;
2014-10-15 16:35 ;    979 ;    796 ;    445 ;    111 ;   1013 ;    102 ;    974 ;     -1 ;   -171 ;    588 ;   -453 ;     22 ;   -556 ;     12 ;      3 ;    305 ;    458 ;    657 ;     19 ;      5 ;
2014-10-15 16:40 ;    974 ;    800 ;    444 ;    108 ;    999 ;    106 ;    974 ;     -1 ;   -164 ;    591 ;   -452 ;     22 ;   -556 ;     12 ;      4 ;    306 ;    461 ;    644 ;     17 ;      5 ;
2014-10-15 16:45 ;    983 ;    820 ;    440 ;    102 ;    993 ;    103 ;    973 ;     -1 ;   -168 ;    589 ;   -453 ;     23 ;   -556 ;     12 ;      5 ;    310 ;    461 ;    635 ;     16 ;      5 ;
2014-10-15 16:50 ;    972 ;    865 ;    449 ;    106 ;    984 ;     99 ;    975 ;     -1 ;   -133 ;    552 ;   -453 ;     23 ;   -555 ;     12 ;      4 ;    311 ;    456 ;    627 ;     15 ;      5 ;
2014-10-15 16:55 ;    940 ;    895 ;    458 ;    109 ;    973 ;    105 ;    975 ;     -1 ;   -117 ;    534 ;   -453 ;     24 ;   -556 ;     12 ;      4 ;    307 ;    458 ;    620 ;     13 ;      4 ;
2014-10-15 17:00 ;    969 ;    883 ;    469 ;    112 ;    957 ;    109 ;    976 ;     -1 ;    -81 ;    543 ;   -484 ;     25 ;   -592 ;     12 ;      7 ;    309 ;    461 ;    605 ;     12 ;      4 ;
2014-10-15 17:05 ;   1016 ;    873 ;    484 ;    107 ;    971 ;    114 ;    974 ;     -1 ;   -103 ;    572 ;   -513 ;     24 ;   -594 ;     12 ;      4 ;    314 ;    464 ;    621 ;     11 ;      4 ;
2014-10-15 17:10 ;   1038 ;    883 ;    473 ;    109 ;    961 ;    119 ;    973 ;     -1 ;    -98 ;    570 ;   -515 ;     25 ;   -593 ;     12 ;      6 ;    317 ;    469 ;    611 ;      9 ;      3 ;
2014-10-15 17:15 ;   1030 ;    878 ;    451 ;    109 ;    929 ;    118 ;    976 ;     -1 ;    -33 ;    590 ;   -515 ;     25 ;   -592 ;     12 ;      7 ;    312 ;    474 ;    572 ;      8 ;      3 ;
2014-10-15 17:20 ;   1033 ;    875 ;    441 ;    111 ;    956 ;    127 ;    977 ;     -1 ;     10 ;    621 ;   -515 ;     26 ;   -594 ;     12 ;      5 ;    305 ;    476 ;    607 ;      7 ;      3 ;
2014-10-15 17:25 ;   1032 ;    874 ;    433 ;    108 ;    905 ;    132 ;    977 ;     -1 ;     54 ;    616 ;   -515 ;     25 ;   -601 ;     12 ;      5 ;    306 ;    482 ;    555 ;      6 ;      2 ;
2014-10-15 17:30 ;   1030 ;    872 ;    436 ;    110 ;    893 ;    134 ;    976 ;     -1 ;     68 ;    639 ;   -515 ;     26 ;   -601 ;     12 ;      4 ;    303 ;    481 ;    546 ;      5 ;      2 ;
2014-10-15 17:35 ;   1029 ;    874 ;    436 ;    112 ;    911 ;    128 ;    979 ;     -1 ;     84 ;    663 ;   -515 ;     26 ;   -602 ;     12 ;      7 ;    300 ;    483 ;    556 ;      4 ;      2 ;
2014-10-15 17:40 ;   1036 ;    880 ;    432 ;    109 ;    896 ;    133 ;    978 ;     -1 ;     91 ;    637 ;   -515 ;     26 ;   -603 ;     12 ;      6 ;    303 ;    487 ;    542 ;      4 ;      1 ;
2014-10-15 17:45 ;   1036 ;    869 ;    435 ;    109 ;    889 ;    134 ;    978 ;     -1 ;     78 ;    647 ;   -515 ;     26 ;   -602 ;     12 ;      5 ;    303 ;    485 ;    537 ;      3 ;      1 ;
2014-10-15 17:50 ;   1038 ;    879 ;    435 ;    108 ;    930 ;    129 ;    978 ;     -1 ;     60 ;    706 ;   -515 ;     26 ;   -566 ;     12 ;      5 ;    299 ;    488 ;    572 ;      2 ;      1 ;
2014-10-15 17:55 ;   1038 ;    869 ;    432 ;    110 ;    897 ;    130 ;    978 ;     -1 ;     40 ;    736 ;   -515 ;     27 ;   -532 ;     12 ;      5 ;    300 ;    490 ;    537 ;      2 ;      0 ;
2014-10-15 18:00 ;   1037 ;    861 ;    435 ;    108 ;    928 ;    129 ;    978 ;     -1 ;    -14 ;    818 ;   -547 ;     28 ;   -496 ;     12 ;      6 ;    298 ;    489 ;    567 ;      1 ;      0 ;
2014-10-15 18:05 ;   1031 ;    863 ;    429 ;    107 ;    897 ;    125 ;    976 ;     -1 ;    -33 ;    870 ;   -583 ;     28 ;   -459 ;     12 ;      6 ;    300 ;    490 ;    531 ;      1 ;      0 ;
2014-10-15 18:10 ;   1030 ;    868 ;    425 ;    107 ;    842 ;    138 ;    976 ;     -1 ;    -66 ;    914 ;   -585 ;     28 ;   -425 ;     12 ;      5 ;    303 ;    495 ;    486 ;      0 ;      0 ;
2014-10-15 18:15 ;   1029 ;    862 ;    428 ;    105 ;    858 ;    131 ;    976 ;     -1 ;   -111 ;    948 ;   -586 ;     28 ;   -411 ;     12 ;      4 ;    303 ;    500 ;    489 ;      0 ;      0 ;
2014-10-15 18:20 ;   1033 ;    858 ;    427 ;    106 ;    828 ;    128 ;    976 ;     -1 ;   -105 ;    955 ;   -586 ;     28 ;   -407 ;     12 ;      3 ;    304 ;    494 ;    461 ;      0 ;      0 ;
2014-10-15 18:25 ;   1029 ;    861 ;    429 ;    108 ;    853 ;    126 ;    976 ;     -1 ;   -101 ;    964 ;   -586 ;     29 ;   -405 ;     12 ;      5 ;    301 ;    492 ;    487 ;      0 ;      0 ;
2014-10-15 18:30 ;   1035 ;    857 ;    429 ;    109 ;    803 ;    126 ;    976 ;     -1 ;    -90 ;    975 ;   -586 ;     28 ;   -404 ;     12 ;      3 ;    304 ;    488 ;    442 ;      0 ;      0 ;
2014-10-15 18:35 ;   1030 ;    856 ;    426 ;    109 ;    820 ;    117 ;    976 ;     -1 ;    -88 ;    992 ;   -585 ;     27 ;   -402 ;     12 ;      5 ;    301 ;    485 ;    452 ;      0 ;      0 ;
2014-10-15 18:40 ;   1031 ;    844 ;    428 ;    112 ;    778 ;    118 ;    975 ;     -1 ;    -84 ;   1003 ;   -586 ;     27 ;   -400 ;     12 ;      4 ;    302 ;    484 ;    412 ;      0 ;      0 ;
2014-10-15 18:45 ;   1031 ;    841 ;    427 ;    109 ;    818 ;    117 ;    976 ;     -1 ;    -74 ;    998 ;   -586 ;     28 ;   -393 ;     12 ;      4 ;    298 ;    485 ;    449 ;      0 ;      0 ;
2014-10-15 18:50 ;   1024 ;    836 ;    427 ;    107 ;    781 ;    115 ;    977 ;     -1 ;    -68 ;   1033 ;   -586 ;     28 ;   -378 ;     12 ;      5 ;    297 ;    478 ;    418 ;      0 ;      0 ;
2014-10-15 18:55 ;   1022 ;    832 ;    422 ;    111 ;    772 ;    117 ;    977 ;     -1 ;    -86 ;   1035 ;   -586 ;     28 ;   -363 ;     12 ;      4 ;    297 ;    477 ;    412 ;      0 ;      0 ;
2014-10-15 19:00 ;   1026 ;    830 ;    422 ;    105 ;    742 ;    118 ;    976 ;     -1 ;    -74 ;   1041 ;   -586 ;     28 ;   -363 ;     12 ;      4 ;    299 ;    477 ;    383 ;      0 ;      0 ;
2014-10-15 19:05 ;   1044 ;    830 ;    396 ;    110 ;    733 ;    123 ;    977 ;     -1 ;    -92 ;   1004 ;   -585 ;     29 ;   -361 ;     12 ;      3 ;    303 ;    483 ;    373 ;      0 ;      0 ;
2014-10-15 19:10 ;   1069 ;    836 ;    390 ;    108 ;    735 ;    123 ;    977 ;     -1 ;   -124 ;    990 ;   -585 ;     28 ;   -361 ;     12 ;      4 ;    309 ;    482 ;    376 ;      0 ;      0 ;
2014-10-15 19:15 ;   1079 ;    837 ;    396 ;    105 ;    711 ;    126 ;    977 ;     -1 ;   -135 ;    969 ;   -585 ;     27 ;   -362 ;     12 ;      5 ;    313 ;    481 ;    356 ;      0 ;      0 ;
2014-10-15 19:20 ;   1086 ;    849 ;    393 ;    109 ;    712 ;    127 ;    977 ;     -1 ;   -121 ;    923 ;   -585 ;     27 ;   -391 ;     12 ;      4 ;    317 ;    483 ;    357 ;      0 ;      0 ;
2014-10-15 19:25 ;   1076 ;    850 ;    395 ;    111 ;    702 ;    132 ;    977 ;     -1 ;   -120 ;    902 ;   -586 ;     27 ;   -394 ;     12 ;      4 ;    319 ;    486 ;    347 ;      0 ;      0 ;
2014-10-15 19:30 ;   1075 ;    858 ;    402 ;    110 ;    696 ;    131 ;    977 ;     -1 ;   -121 ;    880 ;   -586 ;     27 ;   -395 ;     12 ;      4 ;    321 ;    483 ;    343 ;      0 ;      0 ;
2014-10-15 19:35 ;   1061 ;    854 ;    408 ;    113 ;    712 ;    119 ;    977 ;     -1 ;   -196 ;    961 ;   -585 ;     27 ;   -317 ;     12 ;      4 ;    320 ;    477 ;    354 ;      0 ;      0 ;
2014-10-15 19:40 ;    994 ;    829 ;    413 ;    112 ;    702 ;    115 ;    977 ;     -1 ;   -251 ;   1085 ;   -586 ;     27 ;   -194 ;     12 ;      4 ;    310 ;    471 ;    345 ;      0 ;      0 ;
2014-10-15 19:45 ;    900 ;    792 ;    412 ;    113 ;    664 ;    111 ;    978 ;     -1 ;   -178 ;   1123 ;   -585 ;     27 ;   -192 ;     12 ;      3 ;    295 ;    466 ;    309 ;      0 ;      0 ;
2014-10-15 19:50 ;    864 ;    769 ;    406 ;    113 ;    687 ;    107 ;    977 ;     -1 ;   -110 ;   1131 ;   -585 ;     26 ;   -206 ;     12 ;      4 ;    285 ;    462 ;    331 ;      0 ;      0 ;
2014-10-15 19:55 ;    868 ;    760 ;    392 ;    111 ;    673 ;    109 ;    977 ;     -1 ;   -105 ;   1125 ;   -585 ;     26 ;   -223 ;     12 ;      5 ;    286 ;    460 ;    321 ;      0 ;      0 ;
2014-10-15 20:00 ;    830 ;    759 ;    391 ;    114 ;    687 ;    103 ;    977 ;     -1 ;    -51 ;   1088 ;   -586 ;     26 ;   -239 ;     12 ;      4 ;    280 ;    457 ;    334 ;      0 ;      0 ;
2014-10-15 20:05 ;    919 ;    765 ;    385 ;    113 ;    659 ;    107 ;    976 ;     -1 ;     57 ;    876 ;   -585 ;     26 ;   -432 ;     12 ;      5 ;    297 ;    462 ;    304 ;      0 ;      0 ;
2014-10-15 20:10 ;   1020 ;    759 ;    389 ;    111 ;    648 ;    107 ;    977 ;     -1 ;    -39 ;    854 ;   -585 ;     26 ;   -460 ;     12 ;      5 ;    315 ;    459 ;    295 ;      0 ;      0 ;
2014-10-15 20:15 ;   1009 ;    756 ;    395 ;    111 ;    638 ;     97 ;    977 ;     -1 ;    -39 ;    809 ;   -585 ;     25 ;   -481 ;     12 ;      4 ;    318 ;    460 ;    274 ;      0 ;      0 ;
2014-10-15 20:20 ;   1031 ;    756 ;    382 ;    107 ;    669 ;    105 ;    977 ;     -1 ;    -68 ;    779 ;   -586 ;     24 ;   -485 ;     12 ;      3 ;    321 ;    464 ;    309 ;      0 ;      0 ;
2014-10-15 20:25 ;   1019 ;    759 ;    383 ;    109 ;    622 ;     99 ;    977 ;     -1 ;    -71 ;    781 ;   -586 ;     24 ;   -480 ;     12 ;      4 ;    325 ;    468 ;    253 ;      0 ;      0 ;
2014-10-15 20:30 ;   1007 ;    754 ;    385 ;    108 ;    607 ;    104 ;    977 ;     -1 ;    -87 ;    783 ;   -585 ;     24 ;   -473 ;     12 ;      3 ;    325 ;    470 ;    242 ;      0 ;      0 ;
2014-10-15 20:35 ;   1015 ;    752 ;    381 ;    110 ;    620 ;    110 ;    977 ;     -1 ;    -42 ;    694 ;   -585 ;     24 ;   -543 ;     12 ;      3 ;    327 ;    473 ;    257 ;      0 ;      0 ;
2014-10-15 20:40 ;   1021 ;    759 ;    386 ;    106 ;    634 ;    103 ;    977 ;     -1 ;    -91 ;    684 ;   -586 ;     24 ;   -544 ;     12 ;      3 ;    333 ;    470 ;    266 ;      0 ;      0 ;
2014-10-15 20:45 ;   1005 ;    756 ;    382 ;    106 ;    650 ;     99 ;    977 ;     -1 ;    -64 ;    688 ;   -585 ;     23 ;   -537 ;     12 ;      3 ;    328 ;    470 ;    280 ;      0 ;      0 ;
2014-10-15 20:50 ;    994 ;    754 ;    381 ;    108 ;    635 ;     97 ;    978 ;     -1 ;    -83 ;    711 ;   -585 ;     23 ;   -521 ;     12 ;      3 ;    327 ;    466 ;    265 ;      0 ;      0 ;
2014-10-15 20:55 ;    960 ;    757 ;    383 ;    106 ;    636 ;    101 ;    977 ;     -1 ;    -95 ;    697 ;   -585 ;     22 ;   -505 ;     11 ;      3 ;    326 ;    470 ;    268 ;      0 ;      0 ;
2014-10-15 21:00 ;    910 ;    754 ;    378 ;    107 ;    697 ;    112 ;    978 ;     -1 ;    -77 ;    704 ;   -585 ;     22 ;   -496 ;     11 ;      4 ;    313 ;    477 ;    333 ;      0 ;      0 ;
2014-10-15 21:05 ;    903 ;    765 ;    364 ;    108 ;    680 ;    117 ;    976 ;     -1 ;    -62 ;    713 ;   -585 ;     21 ;   -481 ;     11 ;      3 ;    312 ;    474 ;    323 ;      0 ;      0 ;
2014-10-15 21:10 ;    896 ;    763 ;    339 ;    110 ;    694 ;    110 ;    975 ;     -1 ;    -53 ;    731 ;   -585 ;     22 ;   -464 ;     12 ;      4 ;    308 ;    471 ;    333 ;      0 ;      0 ;
2014-10-15 21:15 ;    873 ;    758 ;    317 ;    108 ;    688 ;    102 ;    975 ;     -1 ;    -50 ;    724 ;   -585 ;     22 ;   -446 ;     11 ;      4 ;    307 ;    471 ;    319 ;      0 ;      0 ;
2014-10-15 21:20 ;    891 ;    758 ;    298 ;    106 ;    694 ;    108 ;    975 ;     -1 ;    -70 ;    713 ;   -585 ;     21 ;   -446 ;     11 ;      4 ;    311 ;    476 ;    326 ;      0 ;      0 ;
2014-10-15 21:25 ;    873 ;    759 ;    298 ;    107 ;    684 ;    113 ;    975 ;     -1 ;    -56 ;    695 ;   -585 ;     21 ;   -446 ;     11 ;      3 ;    309 ;    478 ;    319 ;      0 ;      0 ;
2014-10-15 21:30 ;    867 ;    758 ;    294 ;    107 ;    663 ;    116 ;    975 ;     -1 ;    -37 ;    685 ;   -585 ;     21 ;   -446 ;     12 ;      3 ;    309 ;    477 ;    302 ;      0 ;      0 ;
2014-10-15 21:35 ;    872 ;    755 ;    293 ;    109 ;    662 ;    115 ;    975 ;     -1 ;    -37 ;    689 ;   -585 ;     21 ;   -445 ;     12 ;      3 ;    309 ;    471 ;    306 ;      0 ;      0 ;
2014-10-15 21:40 ;    877 ;    756 ;    296 ;    109 ;    683 ;    112 ;    975 ;     -1 ;    -44 ;    685 ;   -585 ;     22 ;   -447 ;     12 ;      2 ;    309 ;    472 ;    323 ;      0 ;      0 ;
2014-10-15 21:45 ;    867 ;    758 ;    298 ;    105 ;    680 ;    110 ;    975 ;     -1 ;    -61 ;    668 ;   -585 ;     22 ;   -447 ;     12 ;      3 ;    310 ;    472 ;    318 ;      0 ;      0 ;
2014-10-15 21:50 ;    861 ;    769 ;    298 ;    111 ;    683 ;    104 ;    952 ;     -1 ;    -39 ;    641 ;   -585 ;     21 ;   -450 ;     12 ;      2 ;    313 ;    474 ;    312 ;      0 ;      0 ;
2014-10-15 21:55 ;    839 ;    764 ;    296 ;    107 ;    696 ;    108 ;    922 ;     -1 ;      2 ;    642 ;   -585 ;     22 ;   -450 ;     12 ;      2 ;    308 ;    476 ;    328 ;      0 ;      0 ;
2014-10-15 22:00 ;    860 ;    769 ;    285 ;    107 ;    618 ;    112 ;    888 ;     -1 ;     11 ;    599 ;   -576 ;     22 ;   -452 ;     12 ;      3 ;    322 ;    477 ;    253 ;      0 ;      0 ;
2014-10-15 22:05 ;    961 ;    751 ;    290 ;    108 ;    615 ;    111 ;    859 ;     -1 ;    -25 ;    563 ;   -568 ;     22 ;   -497 ;     12 ;      3 ;    339 ;    476 ;    249 ;      0 ;      0 ;
2014-10-15 22:10 ;    995 ;    745 ;    293 ;    106 ;    602 ;    116 ;    825 ;     -1 ;     -5 ;    507 ;   -567 ;     22 ;   -545 ;     12 ;      3 ;    348 ;    480 ;    238 ;      0 ;      0 ;
2014-10-15 22:15 ;   1008 ;    745 ;    293 ;    102 ;    594 ;    107 ;    795 ;     -1 ;     38 ;    449 ;   -567 ;     21 ;   -593 ;     12 ;      5 ;    356 ;    476 ;    225 ;      0 ;      0 ;
2014-10-15 22:20 ;   1012 ;    746 ;    285 ;    104 ;    617 ;    111 ;    793 ;     -1 ;     59 ;    454 ;   -567 ;     20 ;   -591 ;     12 ;      3 ;    353 ;    472 ;    256 ;      0 ;      0 ;
2014-10-15 22:25 ;    999 ;    730 ;    293 ;    103 ;    627 ;    112 ;    793 ;     -1 ;     45 ;    444 ;   -567 ;     20 ;   -590 ;     12 ;      3 ;    352 ;    467 ;    271 ;      0 ;      0 ;
2014-10-15 22:30 ;   1002 ;    724 ;    294 ;    101 ;    612 ;    115 ;    794 ;     -1 ;     30 ;    440 ;   -567 ;     19 ;   -590 ;     12 ;      3 ;    355 ;    469 ;    257 ;      0 ;      0 ;
2014-10-15 22:35 ;   1017 ;    704 ;    296 ;    100 ;    571 ;    123 ;    793 ;     -1 ;      9 ;    445 ;   -567 ;     19 ;   -590 ;     12 ;      3 ;    359 ;    473 ;    221 ;      0 ;      0 ;
2014-10-15 22:40 ;   1021 ;    693 ;    297 ;     94 ;    574 ;    127 ;    793 ;     -1 ;    -17 ;    434 ;   -567 ;     19 ;   -590 ;     12 ;      4 ;    360 ;    478 ;    223 ;      0 ;      0 ;
2014-10-15 22:45 ;   1012 ;    673 ;    296 ;    103 ;    535 ;    136 ;    794 ;     -1 ;    -19 ;    437 ;   -567 ;     19 ;   -590 ;     12 ;      3 ;    358 ;    481 ;    190 ;      0 ;      0 ;
2014-10-15 22:50 ;   1012 ;    659 ;    293 ;    100 ;    535 ;    130 ;    794 ;     -1 ;     -9 ;    421 ;   -540 ;     19 ;   -590 ;     12 ;      3 ;    355 ;    475 ;    190 ;      0 ;      0 ;
2014-10-15 22:55 ;    995 ;    632 ;    297 ;    100 ;    533 ;    127 ;    793 ;     -1 ;    -23 ;    292 ;   -414 ;     19 ;   -590 ;     12 ;      3 ;    352 ;    476 ;    184 ;      0 ;      0 ;
2014-10-15 23:00 ;    966 ;    616 ;    296 ;    101 ;    538 ;    126 ;    794 ;     -1 ;    -17 ;    149 ;   -271 ;     18 ;   -590 ;     12 ;      3 ;    345 ;    481 ;    183 ;      0 ;      0 ;
2014-10-15 23:05 ;    955 ;    599 ;    295 ;    101 ;    540 ;    122 ;    792 ;     -1 ;     -7 ;     23 ;   -135 ;     19 ;   -590 ;     12 ;      3 ;    339 ;    482 ;    180 ;      0 ;      0 ;
2014-10-15 23:10 ;    987 ;    574 ;    294 ;    102 ;    527 ;    122 ;    672 ;     -1 ;     51 ;    -94 ;      0 ;     18 ;   -590 ;     12 ;      5 ;    351 ;    480 ;    169 ;      0 ;      0 ;
2014-10-15 23:15 ;    991 ;    551 ;    293 ;    101 ;    533 ;    113 ;    668 ;     -1 ;     64 ;   -100 ;     30 ;     18 ;   -590 ;     12 ;      5 ;    351 ;    474 ;    172 ;      0 ;      0 ;
2014-10-15 23:20 ;   1013 ;    544 ;    290 ;    100 ;    531 ;    112 ;    668 ;     -1 ;     33 ;    -96 ;     33 ;     18 ;   -590 ;     12 ;      3 ;    352 ;    469 ;    174 ;      0 ;      0 ;
2014-10-15 23:25 ;   1002 ;    542 ;    289 ;    101 ;    530 ;    112 ;    668 ;     -1 ;     23 ;   -119 ;     33 ;     18 ;   -590 ;     12 ;      4 ;    352 ;    467 ;    175 ;      0 ;      0 ;
2014-10-15 23:30 ;    983 ;    550 ;    286 ;     99 ;    529 ;    120 ;    665 ;     -1 ;     50 ;   -127 ;     33 ;     18 ;   -590 ;     12 ;      5 ;    353 ;    472 ;    177 ;      0 ;      0 ;
2014-10-15 23:35 ;   1015 ;    549 ;    288 ;     98 ;    504 ;    119 ;    662 ;     -1 ;     14 ;   -147 ;     33 ;     19 ;   -590 ;     12 ;      4 ;    361 ;    475 ;    148 ;      0 ;      0 ;
2014-10-15 23:40 ;    998 ;    548 ;    294 ;     98 ;    530 ;    127 ;    633 ;     -1 ;     30 ;   -160 ;     33 ;     18 ;   -590 ;     12 ;      4 ;    360 ;    478 ;    180 ;      0 ;      0 ;
2014-10-15 23:45 ;   1005 ;    541 ;    288 ;    101 ;    520 ;    123 ;    503 ;     -1 ;    136 ;   -161 ;     33 ;     18 ;   -590 ;     12 ;      5 ;    380 ;    478 ;    165 ;      0 ;      0 ;
2014-10-15 23:50 ;   1048 ;    542 ;    284 ;     98 ;    518 ;    123 ;    380 ;     -1 ;    171 ;   -129 ;     33 ;     17 ;   -553 ;     12 ;      5 ;    397 ;    473 ;    168 ;      0 ;      0 ;
2014-10-15 23:55 ;   1041 ;    535 ;    292 ;     99 ;    515 ;    118 ;    253 ;     -1 ;    156 ;   -124 ;    165 ;     17 ;   -423 ;     12 ;      4 ;    412 ;    469 ;    163 ;      0 ;      0 ;
