 1 Centrale kraftværker DK1
 2 Centrale kraftværker DK2
 3 Decentrale kraftværker DK1
 4 Decentrale kraftværker DK2
 5 Vindmøller DK1
 6 Vindmøller DK2
 7 Udveksling Jylland-Norge
 8 Udveksling Jylland-Sverige
 9 Udveksling Jylland-Tyskland
10 Udveksling Sjælland-Sverige
11 Udveksling Sjælland-Tyskland
12 Udveksling Bornholm-Sverige
13 Udveksling Fyn-Sjaelland
14 Temperatur i Malling
15 Vindhastighed i Malling
16 CO2 udledning
17 Havmøller DK
18 Landmøller DK
19 Solceller DK1
20 Solceller DK2
 
Dato og tid      ;      1 ;      2 ;      3 ;      4 ;      5 ;      6 ;      7 ;      8 ;      9 ;     10 ;     11 ;     12 ;     13 ;     14 ;     15 ;     16 ;     17 ;     18 ;     19 ;     20 ;
2014-09-15 00:00 ;    626 ;    418 ;    219 ;     67 ;   1364 ;    714 ;    -44 ;   -611 ;    -75 ;   -205 ;    369 ;     -5 ;    220 ;     16 ;      5 ;    247 ;    978 ;   1099 ;      0 ;      0 ;
2014-09-15 00:05 ;    575 ;    412 ;    221 ;     64 ;   1356 ;    687 ;    -59 ;   -646 ;    -58 ;   -233 ;    504 ;     -4 ;    308 ;     16 ;      5 ;    242 ;    972 ;   1071 ;      0 ;      0 ;
2014-09-15 00:10 ;    569 ;    391 ;    217 ;     56 ;   1347 ;    704 ;    -76 ;   -682 ;    -17 ;   -268 ;    600 ;     -5 ;    348 ;     16 ;      6 ;    236 ;    971 ;   1080 ;      0 ;      0 ;
2014-09-15 00:15 ;    564 ;    386 ;    218 ;     59 ;   1330 ;    687 ;    -93 ;   -714 ;      6 ;   -231 ;    600 ;     -3 ;    385 ;     15 ;      5 ;    239 ;    968 ;   1049 ;      0 ;      0 ;
2014-09-15 00:20 ;    574 ;    391 ;    218 ;     55 ;   1300 ;    701 ;    -93 ;   -718 ;      2 ;   -236 ;    600 ;     -4 ;    386 ;     16 ;      6 ;    242 ;    961 ;   1040 ;      0 ;      0 ;
2014-09-15 00:25 ;    559 ;    397 ;    219 ;     56 ;   1312 ;    699 ;    -93 ;   -719 ;     23 ;   -237 ;    600 ;     -4 ;    386 ;     15 ;      5 ;    240 ;    952 ;   1059 ;      0 ;      0 ;
2014-09-15 00:30 ;    566 ;    395 ;    221 ;     57 ;   1333 ;    689 ;    -93 ;   -719 ;    -23 ;   -247 ;    600 ;     -4 ;    386 ;     15 ;      5 ;    240 ;    989 ;   1034 ;      0 ;      0 ;
2014-09-15 00:35 ;    554 ;    376 ;    220 ;     56 ;   1354 ;    682 ;    -93 ;   -718 ;    -36 ;   -238 ;    600 ;     -4 ;    377 ;     15 ;      4 ;    234 ;   1023 ;   1013 ;      0 ;      0 ;
2014-09-15 00:40 ;    560 ;    375 ;    213 ;     58 ;   1324 ;    690 ;    -93 ;   -719 ;     -6 ;   -254 ;    600 ;     -4 ;    366 ;     15 ;      4 ;    236 ;   1017 ;    997 ;      0 ;      0 ;
2014-09-15 00:45 ;    573 ;    365 ;    221 ;     64 ;   1336 ;    681 ;    -93 ;   -719 ;    -30 ;   -251 ;    600 ;     -3 ;    356 ;     15 ;      5 ;    237 ;   1017 ;   1000 ;      0 ;      0 ;
2014-09-15 00:50 ;    563 ;    373 ;    208 ;     62 ;   1364 ;    671 ;   -104 ;   -720 ;    -18 ;   -260 ;    600 ;     -3 ;    350 ;     15 ;      8 ;    235 ;   1049 ;    987 ;      0 ;      0 ;
2014-09-15 00:55 ;    554 ;    367 ;    210 ;     57 ;   1350 ;    672 ;   -103 ;   -719 ;    -23 ;   -266 ;    600 ;     -3 ;    344 ;     15 ;      6 ;    234 ;   1067 ;    956 ;      0 ;      0 ;
2014-09-15 01:00 ;    519 ;    363 ;    213 ;     58 ;   1366 ;    678 ;   -112 ;   -720 ;    -56 ;   -219 ;    600 ;     -3 ;    396 ;     15 ;      5 ;    226 ;   1097 ;    947 ;      0 ;      0 ;
2014-09-15 01:05 ;    507 ;    372 ;    221 ;     65 ;   1375 ;    672 ;   -123 ;   -721 ;    -59 ;   -240 ;    600 ;     -5 ;    399 ;     15 ;      7 ;    226 ;   1118 ;    929 ;      0 ;      0 ;
2014-09-15 01:10 ;    499 ;    371 ;    220 ;     59 ;   1368 ;    672 ;   -131 ;   -720 ;    -33 ;   -230 ;    600 ;     -4 ;    400 ;     15 ;      7 ;    225 ;   1091 ;    949 ;      0 ;      0 ;
2014-09-15 01:15 ;    496 ;    374 ;    220 ;     60 ;   1353 ;    664 ;   -140 ;   -722 ;    -27 ;   -235 ;    600 ;     -5 ;    400 ;     15 ;      6 ;    227 ;   1084 ;    934 ;      0 ;      0 ;
2014-09-15 01:20 ;    493 ;    367 ;    215 ;     61 ;   1371 ;    670 ;   -140 ;   -721 ;    -34 ;   -232 ;    601 ;     -3 ;    398 ;     15 ;      7 ;    223 ;   1118 ;    924 ;      0 ;      0 ;
2014-09-15 01:25 ;    487 ;    357 ;    220 ;     65 ;   1372 ;    686 ;   -140 ;   -722 ;    -30 ;   -244 ;    600 ;     -5 ;    384 ;     15 ;      6 ;    219 ;   1125 ;    933 ;      0 ;      0 ;
2014-09-15 01:30 ;    497 ;    365 ;    218 ;     61 ;   1382 ;    657 ;   -140 ;   -722 ;    -20 ;   -254 ;    600 ;     -4 ;    372 ;     15 ;      6 ;    223 ;   1154 ;    885 ;      0 ;      0 ;
2014-09-15 01:35 ;    495 ;    366 ;    215 ;     58 ;   1385 ;    666 ;   -140 ;   -722 ;      0 ;   -280 ;    600 ;     -4 ;    359 ;     15 ;      9 ;    222 ;   1125 ;    926 ;      0 ;      0 ;
2014-09-15 01:40 ;    499 ;    371 ;    215 ;     57 ;   1399 ;    664 ;   -140 ;   -722 ;     20 ;   -285 ;    600 ;     -3 ;    347 ;     15 ;      8 ;    223 ;   1120 ;    943 ;      0 ;      0 ;
2014-09-15 01:45 ;    508 ;    372 ;    216 ;     57 ;   1397 ;    667 ;   -140 ;   -721 ;     18 ;   -299 ;    600 ;     -2 ;    335 ;     15 ;      6 ;    225 ;   1148 ;    917 ;      0 ;      0 ;
2014-09-15 01:50 ;    521 ;    368 ;    221 ;     57 ;   1384 ;    657 ;   -140 ;   -727 ;      6 ;   -304 ;    601 ;     -2 ;    323 ;     15 ;      6 ;    227 ;   1134 ;    907 ;      0 ;      0 ;
2014-09-15 01:55 ;    533 ;    371 ;    215 ;     53 ;   1420 ;    660 ;   -142 ;   -726 ;    -14 ;   -312 ;    599 ;     -3 ;    312 ;     15 ;      5 ;    226 ;   1158 ;    922 ;      0 ;      0 ;
2014-09-15 02:00 ;    517 ;    372 ;    221 ;     55 ;   1403 ;    666 ;   -143 ;   -727 ;    -50 ;   -271 ;    599 ;     -3 ;    360 ;     15 ;      6 ;    225 ;   1157 ;    913 ;      0 ;      0 ;
2014-09-15 02:05 ;    494 ;    371 ;    222 ;     62 ;   1403 ;    649 ;   -143 ;   -728 ;    -38 ;   -273 ;    600 ;     -4 ;    363 ;     15 ;      6 ;    225 ;   1156 ;    895 ;      0 ;      0 ;
2014-09-15 02:10 ;    489 ;    377 ;    217 ;     51 ;   1401 ;    651 ;   -144 ;   -730 ;    -17 ;   -282 ;    600 ;     -3 ;    365 ;     15 ;      6 ;    225 ;   1151 ;    901 ;      0 ;      0 ;
2014-09-15 02:15 ;    483 ;    375 ;    218 ;     58 ;   1378 ;    659 ;   -148 ;   -731 ;      8 ;   -279 ;    600 ;     -3 ;    366 ;     15 ;      5 ;    226 ;   1128 ;    908 ;      0 ;      0 ;
2014-09-15 02:20 ;    483 ;    371 ;    216 ;     58 ;   1356 ;    655 ;   -147 ;   -735 ;     17 ;   -275 ;    600 ;     -3 ;    365 ;     15 ;      4 ;    226 ;   1114 ;    897 ;      0 ;      0 ;
2014-09-15 02:25 ;    482 ;    368 ;    219 ;     61 ;   1382 ;    640 ;   -147 ;   -734 ;     -6 ;   -264 ;    600 ;     -3 ;    365 ;     15 ;      6 ;    225 ;   1110 ;    911 ;      0 ;      0 ;
2014-09-15 02:30 ;    475 ;    368 ;    217 ;     57 ;   1396 ;    639 ;   -147 ;   -734 ;    -10 ;   -260 ;    601 ;     -2 ;    366 ;     15 ;      5 ;    223 ;   1130 ;    905 ;      0 ;      0 ;
2014-09-15 02:35 ;    479 ;    374 ;    223 ;     58 ;   1375 ;    644 ;   -147 ;   -734 ;      3 ;   -262 ;    600 ;     -2 ;    366 ;     15 ;      4 ;    226 ;   1093 ;    926 ;      0 ;      0 ;
2014-09-15 02:40 ;    478 ;    361 ;    224 ;     64 ;   1369 ;    626 ;   -148 ;   -734 ;     13 ;   -252 ;    600 ;     -1 ;    366 ;     15 ;      5 ;    225 ;   1066 ;    929 ;      0 ;      0 ;
2014-09-15 02:45 ;    466 ;    372 ;    217 ;     62 ;   1404 ;    630 ;   -147 ;   -734 ;      4 ;   -241 ;    600 ;     -2 ;    366 ;     15 ;      7 ;    222 ;   1077 ;    957 ;      0 ;      0 ;
2014-09-15 02:50 ;    457 ;    373 ;    219 ;     60 ;   1395 ;    636 ;   -144 ;   -735 ;     22 ;   -263 ;    600 ;     -2 ;    365 ;     15 ;      6 ;    221 ;   1056 ;    975 ;      0 ;      0 ;
2014-09-15 02:55 ;    455 ;    373 ;    223 ;     60 ;   1397 ;    632 ;   -144 ;   -735 ;     17 ;   -264 ;    599 ;     -2 ;    362 ;     15 ;      8 ;    221 ;   1071 ;    958 ;      0 ;      0 ;
2014-09-15 03:00 ;    450 ;    368 ;    217 ;     57 ;   1434 ;    632 ;   -136 ;   -735 ;    -15 ;   -255 ;    600 ;     -2 ;    361 ;     15 ;      6 ;    216 ;   1095 ;    971 ;      0 ;      0 ;
2014-09-15 03:05 ;    446 ;    376 ;    224 ;     59 ;   1388 ;    644 ;   -129 ;   -734 ;      5 ;   -268 ;    600 ;     -1 ;    359 ;     15 ;      7 ;    220 ;   1069 ;    963 ;      0 ;      0 ;
2014-09-15 03:10 ;    445 ;    381 ;    214 ;     55 ;   1411 ;    640 ;   -122 ;   -735 ;      2 ;   -285 ;    600 ;     -1 ;    357 ;     15 ;      6 ;    219 ;   1093 ;    958 ;      0 ;      0 ;
2014-09-15 03:15 ;    448 ;    371 ;    221 ;     57 ;   1397 ;    647 ;   -116 ;   -734 ;     11 ;   -270 ;    600 ;     -2 ;    356 ;     15 ;      7 ;    218 ;   1087 ;    957 ;      0 ;      0 ;
2014-09-15 03:20 ;    474 ;    380 ;    205 ;     58 ;   1432 ;    648 ;   -116 ;   -734 ;    -38 ;   -287 ;    600 ;     -1 ;    356 ;     15 ;      6 ;    220 ;   1122 ;    957 ;      0 ;      0 ;
2014-09-15 03:25 ;    473 ;    369 ;    213 ;     59 ;   1410 ;    641 ;   -116 ;   -734 ;    -42 ;   -270 ;    601 ;     -1 ;    356 ;     15 ;      6 ;    220 ;   1120 ;    931 ;      0 ;      0 ;
2014-09-15 03:30 ;    473 ;    374 ;    219 ;     55 ;   1410 ;    652 ;   -115 ;   -734 ;    -46 ;   -270 ;    601 ;     -2 ;    356 ;     15 ;      4 ;    221 ;   1117 ;    945 ;      0 ;      0 ;
2014-09-15 03:35 ;    474 ;    364 ;    228 ;     60 ;   1380 ;    643 ;   -113 ;   -734 ;    -29 ;   -258 ;    601 ;     -1 ;    356 ;     15 ;      5 ;    223 ;   1083 ;    940 ;      0 ;      0 ;
2014-09-15 03:40 ;    481 ;    366 ;    227 ;     60 ;   1365 ;    637 ;   -113 ;   -734 ;     -3 ;   -271 ;    600 ;     -2 ;    356 ;     15 ;      7 ;    226 ;   1059 ;    943 ;      0 ;      0 ;
2014-09-15 03:45 ;    478 ;    369 ;    210 ;     60 ;   1405 ;    638 ;   -113 ;   -735 ;    -34 ;   -275 ;    599 ;     -2 ;    356 ;     15 ;      7 ;    222 ;   1071 ;    971 ;      0 ;      0 ;
2014-09-15 03:50 ;    469 ;    374 ;    217 ;     57 ;   1401 ;    642 ;   -105 ;   -735 ;    -12 ;   -275 ;    600 ;     -1 ;    351 ;     15 ;      7 ;    222 ;   1061 ;    982 ;      0 ;      0 ;
2014-09-15 03:55 ;    470 ;    375 ;    220 ;     59 ;   1405 ;    636 ;    -87 ;   -734 ;    -19 ;   -291 ;    600 ;     -1 ;    346 ;     15 ;      7 ;    222 ;   1070 ;    972 ;      0 ;      0 ;
2014-09-15 04:00 ;    474 ;    372 ;    224 ;     52 ;   1417 ;    636 ;    -74 ;   -734 ;     16 ;   -322 ;    599 ;      0 ;    292 ;     15 ;      6 ;    222 ;   1065 ;    987 ;      0 ;      0 ;
2014-09-15 04:05 ;    491 ;    362 ;    233 ;     55 ;   1388 ;    647 ;    -66 ;   -734 ;      5 ;   -310 ;    600 ;      0 ;    285 ;     15 ;      5 ;    224 ;   1054 ;    980 ;      0 ;      0 ;
2014-09-15 04:10 ;    483 ;    370 ;    223 ;     56 ;   1411 ;    640 ;    -51 ;   -734 ;    -19 ;   -303 ;    600 ;      0 ;    279 ;     15 ;      7 ;    223 ;   1072 ;    979 ;      0 ;      0 ;
2014-09-15 04:15 ;    480 ;    362 ;    231 ;     58 ;   1410 ;    641 ;    -36 ;   -734 ;    -24 ;   -319 ;    600 ;     -1 ;    274 ;     15 ;      5 ;    221 ;   1081 ;    970 ;      0 ;      0 ;
2014-09-15 04:20 ;    475 ;    359 ;    224 ;     56 ;   1437 ;    626 ;    -33 ;   -734 ;    -35 ;   -315 ;    600 ;      0 ;    274 ;     15 ;      6 ;    218 ;   1099 ;    964 ;      0 ;      0 ;
2014-09-15 04:25 ;    475 ;    366 ;    215 ;     54 ;   1458 ;    636 ;    -33 ;   -734 ;    -39 ;   -310 ;    599 ;      0 ;    274 ;     15 ;      7 ;    217 ;   1123 ;    971 ;      0 ;      0 ;
2014-09-15 04:30 ;    479 ;    364 ;    220 ;     64 ;   1467 ;    643 ;    -33 ;   -734 ;    -31 ;   -309 ;    600 ;      0 ;    274 ;     15 ;      5 ;    217 ;   1125 ;    986 ;      0 ;      0 ;
2014-09-15 04:35 ;    491 ;    369 ;    229 ;     55 ;   1452 ;    641 ;    -33 ;   -735 ;    -37 ;   -309 ;    600 ;      1 ;    274 ;     15 ;      7 ;    220 ;   1123 ;    969 ;      0 ;      0 ;
2014-09-15 04:40 ;    476 ;    373 ;    229 ;     58 ;   1429 ;    639 ;    -33 ;   -735 ;     -5 ;   -316 ;    601 ;      1 ;    274 ;     15 ;      7 ;    222 ;   1117 ;    951 ;      0 ;      0 ;
2014-09-15 04:45 ;    469 ;    373 ;    229 ;     61 ;   1429 ;    647 ;    -33 ;   -734 ;     18 ;   -317 ;    600 ;      0 ;    274 ;     15 ;      6 ;    221 ;   1105 ;    971 ;      0 ;      0 ;
2014-09-15 04:50 ;    486 ;    368 ;    224 ;     52 ;   1438 ;    643 ;    -16 ;   -735 ;     -6 ;   -299 ;    600 ;      1 ;    269 ;     15 ;      6 ;    221 ;   1110 ;    970 ;      0 ;      0 ;
2014-09-15 04:55 ;    480 ;    362 ;    220 ;     58 ;   1456 ;    650 ;     26 ;   -735 ;    -33 ;   -300 ;    600 ;      0 ;    262 ;     15 ;      6 ;    217 ;   1123 ;    984 ;      0 ;      0 ;
2014-09-15 05:00 ;    465 ;    359 ;    226 ;     57 ;   1448 ;    648 ;     56 ;   -734 ;    -37 ;   -281 ;    600 ;      0 ;    257 ;     15 ;      8 ;    216 ;   1128 ;    967 ;      0 ;      0 ;
2014-09-15 05:05 ;    460 ;    371 ;    229 ;     56 ;   1456 ;    636 ;     93 ;   -734 ;    -39 ;   -294 ;    599 ;      2 ;    251 ;     15 ;      7 ;    217 ;   1136 ;    956 ;      0 ;      0 ;
2014-09-15 05:10 ;    452 ;    391 ;    225 ;     55 ;   1464 ;    634 ;    124 ;   -734 ;    -37 ;   -320 ;    600 ;      3 ;    246 ;     15 ;      6 ;    219 ;   1129 ;    970 ;      0 ;      0 ;
2014-09-15 05:15 ;    443 ;    400 ;    231 ;     57 ;   1448 ;    643 ;    156 ;   -734 ;    -42 ;   -318 ;    600 ;      3 ;    240 ;     15 ;      7 ;    220 ;   1123 ;    969 ;      0 ;      0 ;
2014-09-15 05:20 ;    440 ;    422 ;    228 ;     55 ;   1462 ;    645 ;    156 ;   -735 ;    -24 ;   -344 ;    600 ;      2 ;    240 ;     15 ;      5 ;    222 ;   1121 ;    986 ;      0 ;      0 ;
2014-09-15 05:25 ;    436 ;    432 ;    227 ;     62 ;   1490 ;    642 ;    156 ;   -734 ;    -31 ;   -353 ;    600 ;      3 ;    240 ;     15 ;      6 ;    221 ;   1128 ;   1005 ;      0 ;      0 ;
2014-09-15 05:30 ;    434 ;    433 ;    224 ;     59 ;   1480 ;    632 ;    156 ;   -734 ;    -17 ;   -330 ;    600 ;      2 ;    240 ;     15 ;      7 ;    222 ;   1119 ;    993 ;      0 ;      0 ;
2014-09-15 05:35 ;    444 ;    429 ;    228 ;     55 ;   1482 ;    633 ;    156 ;   -734 ;      4 ;   -316 ;    600 ;      2 ;    240 ;     15 ;      6 ;    223 ;   1112 ;   1003 ;      0 ;      0 ;
2014-09-15 05:40 ;    461 ;    426 ;    229 ;     60 ;   1502 ;    639 ;    156 ;   -734 ;     15 ;   -312 ;    600 ;      3 ;    240 ;     15 ;      6 ;    223 ;   1101 ;   1041 ;      0 ;      0 ;
2014-09-15 05:45 ;    473 ;    441 ;    229 ;     55 ;   1473 ;    626 ;    156 ;   -734 ;     17 ;   -243 ;    600 ;      3 ;    287 ;     15 ;      6 ;    230 ;   1068 ;   1032 ;      0 ;      0 ;
2014-09-15 05:50 ;    475 ;    443 ;    233 ;     57 ;   1458 ;    630 ;    256 ;   -734 ;     52 ;   -286 ;    573 ;      3 ;    203 ;     15 ;      6 ;    232 ;   1028 ;   1059 ;      0 ;      0 ;
2014-09-15 05:55 ;    513 ;    445 ;    220 ;     49 ;   1438 ;    631 ;    358 ;   -735 ;     46 ;   -225 ;    439 ;      3 ;    113 ;     15 ;      6 ;    239 ;   1018 ;   1051 ;      0 ;      0 ;
2014-09-15 06:00 ;    574 ;    448 ;    223 ;     53 ;   1419 ;    618 ;    463 ;   -734 ;     89 ;   -263 ;    309 ;      4 ;    -70 ;     15 ;      5 ;    248 ;   1016 ;   1020 ;      0 ;      0 ;
2014-09-15 06:05 ;    662 ;    446 ;    230 ;     57 ;   1458 ;    616 ;    567 ;   -734 ;    115 ;   -225 ;    171 ;      5 ;   -216 ;     15 ;      4 ;    255 ;   1018 ;   1056 ;      0 ;      0 ;
2014-09-15 06:10 ;    703 ;    450 ;    238 ;     53 ;   1468 ;    632 ;    671 ;   -734 ;    105 ;   -161 ;     29 ;      6 ;   -307 ;     15 ;      6 ;    260 ;   1033 ;   1067 ;      0 ;      0 ;
2014-09-15 06:15 ;    796 ;    446 ;    246 ;     55 ;   1458 ;    618 ;    782 ;   -735 ;     37 ;   -196 ;      0 ;      7 ;   -397 ;     15 ;      4 ;    271 ;   1013 ;   1063 ;      0 ;      0 ;
2014-09-15 06:20 ;    827 ;    438 ;    246 ;     51 ;   1433 ;    625 ;    786 ;   -691 ;     27 ;   -159 ;    -15 ;      7 ;   -400 ;     15 ;      6 ;    276 ;    981 ;   1076 ;      0 ;      0 ;
2014-09-15 06:25 ;    817 ;    439 ;    254 ;     58 ;   1421 ;    609 ;    786 ;   -641 ;      8 ;   -152 ;    -17 ;      7 ;   -400 ;     15 ;      5 ;    277 ;    959 ;   1070 ;      0 ;      0 ;
2014-09-15 06:30 ;    828 ;    443 ;    246 ;     57 ;   1419 ;    620 ;    786 ;   -635 ;     29 ;   -143 ;    -17 ;      9 ;   -400 ;     15 ;      7 ;    276 ;    935 ;   1104 ;      0 ;      0 ;
2014-09-15 06:35 ;    858 ;    440 ;    269 ;     51 ;   1390 ;    627 ;    786 ;   -636 ;     44 ;   -117 ;    -17 ;      8 ;   -399 ;     15 ;      5 ;    277 ;    908 ;   1109 ;      0 ;      0 ;
2014-09-15 06:40 ;    840 ;    447 ;    271 ;     52 ;   1392 ;    633 ;    786 ;   -592 ;     31 ;   -107 ;    -17 ;      9 ;   -400 ;     15 ;      7 ;    273 ;    914 ;   1110 ;      0 ;      0 ;
2014-09-15 06:45 ;    834 ;    439 ;    282 ;     53 ;   1413 ;    643 ;    786 ;   -586 ;     41 ;    -92 ;    -17 ;      9 ;   -400 ;     15 ;      6 ;    268 ;    903 ;   1153 ;      0 ;      0 ;
2014-09-15 06:50 ;    850 ;    445 ;    308 ;     61 ;   1416 ;    644 ;    786 ;   -587 ;     20 ;    -80 ;    -17 ;     10 ;   -400 ;     15 ;      4 ;    272 ;    909 ;   1151 ;      0 ;      0 ;
2014-09-15 06:55 ;    852 ;    441 ;    336 ;     57 ;   1422 ;    626 ;    786 ;   -571 ;    -12 ;    -66 ;    -17 ;     10 ;   -400 ;     15 ;      8 ;    273 ;    902 ;   1146 ;      0 ;      0 ;
2014-09-15 07:00 ;    805 ;    441 ;    365 ;     62 ;   1421 ;    626 ;    786 ;   -595 ;     70 ;    -94 ;     46 ;     10 ;   -400 ;     15 ;      5 ;    269 ;    878 ;   1168 ;      0 ;      1 ;
2014-09-15 07:05 ;    807 ;    451 ;    383 ;     67 ;   1423 ;    637 ;    786 ;   -485 ;    -16 ;    -96 ;    101 ;     12 ;   -381 ;     15 ;      6 ;    267 ;    871 ;   1189 ;      0 ;      1 ;
2014-09-15 07:10 ;    808 ;    464 ;    382 ;     61 ;   1426 ;    619 ;    786 ;   -452 ;    -29 ;   -101 ;    102 ;     13 ;   -380 ;     14 ;      5 ;    268 ;    872 ;   1173 ;      1 ;      1 ;
2014-09-15 07:15 ;    804 ;    471 ;    384 ;     58 ;   1425 ;    628 ;    786 ;   -424 ;    -41 ;    -98 ;    101 ;     11 ;   -379 ;     14 ;      7 ;    266 ;    872 ;   1181 ;      1 ;      2 ;
2014-09-15 07:20 ;    790 ;    471 ;    403 ;     65 ;   1451 ;    651 ;    786 ;   -418 ;    -41 ;    -93 ;    101 ;     13 ;   -380 ;     15 ;      6 ;    261 ;    873 ;   1229 ;      1 ;      2 ;
2014-09-15 07:25 ;    793 ;    477 ;    399 ;     69 ;   1488 ;    648 ;    786 ;   -417 ;    -50 ;    -49 ;    101 ;     11 ;   -380 ;     15 ;      5 ;    257 ;    879 ;   1257 ;      2 ;      2 ;
2014-09-15 07:30 ;    790 ;    468 ;    402 ;     62 ;   1482 ;    643 ;    786 ;   -417 ;    -50 ;    -80 ;    101 ;     12 ;   -380 ;     15 ;      6 ;    258 ;    891 ;   1234 ;      3 ;      3 ;
2014-09-15 07:35 ;    797 ;    463 ;    404 ;     67 ;   1493 ;    650 ;    786 ;   -418 ;    -45 ;    -65 ;    101 ;     12 ;   -380 ;     15 ;      7 ;    255 ;    886 ;   1257 ;      3 ;      3 ;
2014-09-15 07:40 ;    801 ;    467 ;    398 ;     60 ;   1495 ;    647 ;    786 ;   -418 ;    -55 ;    -55 ;    101 ;     12 ;   -380 ;     15 ;      5 ;    255 ;    890 ;   1253 ;      4 ;      4 ;
2014-09-15 07:45 ;    807 ;    464 ;    394 ;     73 ;   1473 ;    630 ;    786 ;   -418 ;    -40 ;    -70 ;    101 ;     13 ;   -380 ;     15 ;      6 ;    259 ;    877 ;   1226 ;      5 ;      4 ;
2014-09-15 07:50 ;    795 ;    475 ;    407 ;     63 ;   1492 ;    642 ;    786 ;   -438 ;     -6 ;    -53 ;    101 ;     14 ;   -380 ;     15 ;      7 ;    257 ;    869 ;   1265 ;      6 ;      5 ;
2014-09-15 07:55 ;    833 ;    466 ;    428 ;     73 ;   1513 ;    645 ;    785 ;   -458 ;    -72 ;    -29 ;    101 ;     13 ;   -380 ;     15 ;      5 ;    258 ;    866 ;   1292 ;      7 ;      6 ;
2014-09-15 08:00 ;    895 ;    455 ;    451 ;     74 ;   1556 ;    643 ;    786 ;   -615 ;     16 ;   -102 ;    148 ;     12 ;   -399 ;     15 ;      8 ;    269 ;    873 ;   1326 ;      8 ;      7 ;
2014-09-15 08:05 ;    949 ;    471 ;    450 ;     83 ;   1553 ;    534 ;    786 ;   -640 ;    -15 ;    -36 ;    201 ;     12 ;   -400 ;     15 ;      7 ;    281 ;    755 ;   1331 ;     10 ;      7 ;
2014-09-15 08:10 ;   1002 ;    474 ;    461 ;     87 ;   1519 ;    490 ;    786 ;   -660 ;    -31 ;     14 ;    202 ;     14 ;   -400 ;     15 ;      7 ;    291 ;    728 ;   1281 ;     12 ;      8 ;
2014-09-15 08:15 ;   1028 ;    471 ;    471 ;     85 ;   1529 ;    485 ;    786 ;   -681 ;    -42 ;      3 ;    202 ;     13 ;   -399 ;     15 ;      7 ;    294 ;    719 ;   1295 ;     13 ;      8 ;
2014-09-15 08:20 ;   1045 ;    468 ;    464 ;     93 ;   1523 ;    502 ;    786 ;   -683 ;    -39 ;     24 ;    202 ;     14 ;   -400 ;     15 ;      6 ;    293 ;    715 ;   1311 ;     15 ;      9 ;
2014-09-15 08:25 ;   1014 ;    461 ;    470 ;    101 ;   1548 ;    489 ;    786 ;   -610 ;    -91 ;     -7 ;    203 ;     13 ;   -400 ;     15 ;      5 ;    288 ;    718 ;   1320 ;     16 ;      9 ;
2014-09-15 08:30 ;    928 ;    458 ;    463 ;    105 ;   1552 ;    496 ;    785 ;   -603 ;    -35 ;     29 ;    202 ;     13 ;   -400 ;     15 ;      8 ;    276 ;    720 ;   1328 ;     17 ;     10 ;
2014-09-15 08:35 ;    933 ;    468 ;    466 ;     95 ;   1612 ;    483 ;    786 ;   -603 ;    -52 ;      4 ;    202 ;     13 ;   -400 ;     15 ;      7 ;    274 ;    742 ;   1353 ;     20 ;     10 ;
2014-09-15 08:40 ;    926 ;    467 ;    471 ;    105 ;   1618 ;    479 ;    786 ;   -603 ;    -61 ;     -3 ;    202 ;     14 ;   -400 ;     15 ;      8 ;    273 ;    742 ;   1355 ;     20 ;     11 ;
2014-09-15 08:45 ;    908 ;    473 ;    484 ;     96 ;   1617 ;    480 ;    786 ;   -603 ;    -67 ;     16 ;    202 ;     14 ;   -400 ;     15 ;     10 ;    270 ;    741 ;   1356 ;     21 ;     12 ;
2014-09-15 08:50 ;    902 ;    464 ;    492 ;    112 ;   1660 ;    481 ;    786 ;   -611 ;    -58 ;      9 ;    202 ;     14 ;   -400 ;     15 ;      8 ;    266 ;    740 ;   1401 ;     23 ;     13 ;
2014-09-15 08:55 ;    887 ;    473 ;    518 ;     93 ;   1625 ;    482 ;    786 ;   -621 ;    -77 ;      5 ;    202 ;     13 ;   -400 ;     15 ;      7 ;    268 ;    734 ;   1373 ;     24 ;     13 ;
2014-09-15 09:00 ;    877 ;    469 ;    518 ;    103 ;   1658 ;    478 ;    786 ;   -656 ;    -44 ;     17 ;    207 ;     12 ;   -400 ;     15 ;      6 ;    266 ;    744 ;   1392 ;     25 ;     14 ;
2014-09-15 09:05 ;    868 ;    467 ;    515 ;     98 ;   1686 ;    487 ;    786 ;   -665 ;    -56 ;      0 ;    212 ;     12 ;   -401 ;     15 ;      8 ;    264 ;    753 ;   1420 ;     26 ;     15 ;
2014-09-15 09:10 ;    877 ;    455 ;    508 ;    107 ;   1717 ;    469 ;    786 ;   -672 ;    -60 ;     22 ;    212 ;     13 ;   -400 ;     15 ;      9 ;    261 ;    749 ;   1438 ;     27 ;     16 ;
2014-09-15 09:15 ;    863 ;    472 ;    505 ;     92 ;   1726 ;    476 ;    786 ;   -649 ;    -82 ;      6 ;    212 ;     13 ;   -400 ;     15 ;      7 ;    259 ;    767 ;   1436 ;     29 ;     16 ;
2014-09-15 09:20 ;    838 ;    471 ;    517 ;    100 ;   1716 ;    477 ;    785 ;   -643 ;    -56 ;      5 ;    212 ;     13 ;   -400 ;     15 ;      8 ;    257 ;    755 ;   1438 ;     30 ;     17 ;
2014-09-15 09:25 ;    835 ;    461 ;    506 ;    108 ;   1729 ;    474 ;    789 ;   -643 ;    -31 ;      3 ;    212 ;     14 ;   -400 ;     15 ;      8 ;    255 ;    759 ;   1444 ;     32 ;     18 ;
2014-09-15 09:30 ;    841 ;    461 ;    504 ;    104 ;   1724 ;    476 ;    788 ;   -621 ;    -52 ;     22 ;    212 ;     14 ;   -400 ;     15 ;      8 ;    254 ;    760 ;   1439 ;     31 ;     19 ;
2014-09-15 09:35 ;    836 ;    460 ;    516 ;    104 ;   1717 ;    479 ;    789 ;   -617 ;    -51 ;     32 ;    212 ;     13 ;   -400 ;     15 ;      8 ;    252 ;    761 ;   1435 ;     34 ;     21 ;
2014-09-15 09:40 ;    827 ;    471 ;    523 ;     95 ;   1716 ;    488 ;    787 ;   -607 ;    -68 ;      8 ;    212 ;     13 ;   -400 ;     15 ;      7 ;    253 ;    766 ;   1439 ;     36 ;     21 ;
2014-09-15 09:45 ;    825 ;    474 ;    525 ;     96 ;   1758 ;    486 ;    789 ;   -603 ;    -54 ;     24 ;    212 ;     15 ;   -400 ;     15 ;      7 ;    250 ;    776 ;   1469 ;     38 ;     21 ;
2014-09-15 09:50 ;    818 ;    469 ;    524 ;    114 ;   1759 ;    498 ;    790 ;   -603 ;    -69 ;      8 ;    212 ;     14 ;   -400 ;     14 ;      7 ;    248 ;    790 ;   1466 ;     38 ;     24 ;
2014-09-15 09:55 ;    813 ;    474 ;    528 ;    116 ;   1778 ;    499 ;    790 ;   -604 ;    -94 ;      1 ;    212 ;     12 ;   -400 ;     15 ;      7 ;    247 ;    808 ;   1469 ;     39 ;     25 ;
2014-09-15 10:00 ;    814 ;    464 ;    538 ;    122 ;   1783 ;    477 ;    790 ;   -675 ;    -30 ;     25 ;    198 ;     11 ;   -400 ;     15 ;      9 ;    250 ;    802 ;   1459 ;     41 ;     24 ;
2014-09-15 10:05 ;    825 ;    467 ;    523 ;    115 ;   1816 ;    497 ;    791 ;   -645 ;    -72 ;     41 ;    184 ;     14 ;   -400 ;     15 ;      7 ;    247 ;    829 ;   1484 ;     41 ;     27 ;
2014-09-15 10:10 ;    818 ;    475 ;    519 ;    119 ;   1866 ;    489 ;    789 ;   -639 ;   -106 ;     27 ;    184 ;     13 ;   -400 ;     15 ;      7 ;    245 ;    858 ;   1498 ;     46 ;     30 ;
2014-09-15 10:15 ;    804 ;    475 ;    530 ;    129 ;   1826 ;    477 ;    789 ;   -660 ;    -84 ;     19 ;    184 ;     11 ;   -399 ;     15 ;      8 ;    248 ;    870 ;   1433 ;     44 ;     29 ;
2014-09-15 10:20 ;    805 ;    480 ;    529 ;    126 ;   1888 ;    465 ;    790 ;   -688 ;    -84 ;     15 ;    184 ;     12 ;   -400 ;     15 ;      7 ;    247 ;    880 ;   1472 ;     48 ;     29 ;
2014-09-15 10:25 ;    789 ;    473 ;    529 ;    122 ;   1904 ;    497 ;    787 ;   -688 ;    -87 ;     16 ;    184 ;     12 ;   -400 ;     15 ;      7 ;    242 ;    881 ;   1520 ;     49 ;     33 ;
2014-09-15 10:30 ;    800 ;    470 ;    529 ;    125 ;   1908 ;    487 ;    788 ;   -731 ;    -41 ;     13 ;    184 ;     10 ;   -400 ;     15 ;      5 ;    244 ;    874 ;   1522 ;     52 ;     35 ;
2014-09-15 10:35 ;    812 ;    467 ;    520 ;    128 ;   1884 ;    494 ;    787 ;   -734 ;    -42 ;      9 ;    184 ;     12 ;   -400 ;     15 ;      7 ;    245 ;    885 ;   1493 ;     51 ;     37 ;
2014-09-15 10:40 ;    804 ;    465 ;    518 ;    128 ;   1924 ;    498 ;    789 ;   -734 ;    -44 ;      4 ;    184 ;     12 ;   -400 ;     15 ;      6 ;    242 ;    897 ;   1525 ;     52 ;     40 ;
2014-09-15 10:45 ;    809 ;    464 ;    511 ;    128 ;   1956 ;    504 ;    789 ;   -734 ;    -56 ;     16 ;    183 ;     11 ;   -400 ;     15 ;      8 ;    240 ;    904 ;   1556 ;     52 ;     45 ;
2014-09-15 10:50 ;    818 ;    466 ;    511 ;    123 ;   1945 ;    503 ;    789 ;   -734 ;    -38 ;     -3 ;    185 ;     11 ;   -399 ;     15 ;      7 ;    242 ;    897 ;   1551 ;     58 ;     43 ;
2014-09-15 10:55 ;    810 ;    471 ;    499 ;    125 ;   1975 ;    497 ;    789 ;   -735 ;    -61 ;    -14 ;    184 ;     11 ;   -402 ;     14 ;      8 ;    240 ;    908 ;   1564 ;     59 ;     47 ;
2014-09-15 11:00 ;    773 ;    475 ;    502 ;    130 ;   1958 ;    515 ;    789 ;   -703 ;    -41 ;     20 ;    156 ;     11 ;   -403 ;     14 ;      8 ;    235 ;    925 ;   1548 ;     56 ;     49 ;
2014-09-15 11:05 ;    762 ;    475 ;    498 ;    134 ;   1998 ;    519 ;    789 ;   -695 ;   -102 ;     37 ;    122 ;     12 ;   -402 ;     14 ;      6 ;    233 ;    941 ;   1576 ;     60 ;     46 ;
2014-09-15 11:10 ;    765 ;    470 ;    512 ;    122 ;   1986 ;    525 ;    789 ;   -733 ;    -52 ;     38 ;    122 ;     13 ;   -401 ;     15 ;      6 ;    233 ;    943 ;   1567 ;     62 ;     50 ;
2014-09-15 11:15 ;    766 ;    468 ;    494 ;    124 ;   2002 ;    511 ;    789 ;   -734 ;    -54 ;     39 ;    122 ;     11 ;   -400 ;     15 ;      7 ;    232 ;    933 ;   1580 ;     63 ;     49 ;
2014-09-15 11:20 ;    759 ;    459 ;    501 ;    126 ;   1992 ;    497 ;    789 ;   -735 ;    -64 ;     39 ;    122 ;     12 ;   -400 ;     15 ;      7 ;    232 ;    960 ;   1529 ;     64 ;     51 ;
2014-09-15 11:25 ;    753 ;    461 ;    505 ;    125 ;   2003 ;    514 ;    790 ;   -734 ;    -69 ;     56 ;    122 ;     12 ;   -400 ;     15 ;      7 ;    230 ;    956 ;   1561 ;     66 ;     53 ;
2014-09-15 11:30 ;    739 ;    458 ;    512 ;    125 ;   2019 ;    502 ;    789 ;   -735 ;    -62 ;     60 ;    122 ;     11 ;   -400 ;     15 ;      6 ;    228 ;    957 ;   1564 ;     64 ;     54 ;
2014-09-15 11:35 ;    731 ;    456 ;    516 ;    121 ;   1997 ;    513 ;    789 ;   -734 ;    -63 ;     50 ;    123 ;     10 ;   -400 ;     15 ;      7 ;    228 ;    973 ;   1537 ;     68 ;     53 ;
2014-09-15 11:40 ;    722 ;    450 ;    514 ;    129 ;   2022 ;    502 ;    790 ;   -734 ;    -79 ;     59 ;    122 ;      9 ;   -400 ;     15 ;      5 ;    225 ;    971 ;   1553 ;     69 ;     53 ;
2014-09-15 11:45 ;    688 ;    450 ;    515 ;    123 ;   2036 ;    509 ;    790 ;   -734 ;    -65 ;     59 ;    122 ;     10 ;   -400 ;     15 ;      6 ;    220 ;    981 ;   1564 ;     73 ;     55 ;
2014-09-15 11:50 ;    680 ;    457 ;    518 ;    126 ;   1992 ;    510 ;    790 ;   -734 ;    -33 ;     34 ;    122 ;     11 ;   -400 ;     15 ;      8 ;    224 ;    966 ;   1536 ;     73 ;     53 ;
2014-09-15 11:55 ;    683 ;    464 ;    522 ;    124 ;   2007 ;    516 ;    790 ;   -734 ;    -90 ;     17 ;    122 ;     11 ;   -400 ;     15 ;      6 ;    226 ;    969 ;   1553 ;     72 ;     55 ;
2014-09-15 12:00 ;    671 ;    457 ;    512 ;    124 ;   1985 ;    518 ;    753 ;   -734 ;    -45 ;     40 ;    113 ;     12 ;   -400 ;     15 ;      5 ;    224 ;    973 ;   1531 ;     73 ;     58 ;
2014-09-15 12:05 ;    681 ;    457 ;    484 ;    125 ;   2023 ;    504 ;    754 ;   -734 ;    -89 ;     57 ;    105 ;     10 ;   -400 ;     15 ;      6 ;    224 ;    969 ;   1558 ;     77 ;     59 ;
2014-09-15 12:10 ;    671 ;    457 ;    466 ;    126 ;   2025 ;    522 ;    707 ;   -734 ;    -33 ;     41 ;    105 ;     10 ;   -400 ;     15 ;      6 ;    222 ;    967 ;   1580 ;     80 ;     63 ;
2014-09-15 12:15 ;    671 ;    455 ;    459 ;    133 ;   2042 ;    524 ;    707 ;   -734 ;    -39 ;     33 ;    105 ;      8 ;   -400 ;     15 ;      6 ;    222 ;    974 ;   1592 ;     81 ;     65 ;
2014-09-15 12:20 ;    663 ;    460 ;    452 ;    126 ;   2018 ;    520 ;    707 ;   -734 ;    -40 ;     27 ;    105 ;      9 ;   -400 ;     15 ;      6 ;    222 ;    971 ;   1567 ;     88 ;     68 ;
2014-09-15 12:25 ;    639 ;    461 ;    453 ;    126 ;   2047 ;    528 ;    707 ;   -734 ;    -39 ;     61 ;    105 ;      8 ;   -400 ;     15 ;      5 ;    216 ;    973 ;   1603 ;     86 ;     65 ;
2014-09-15 12:30 ;    634 ;    465 ;    453 ;    122 ;   2050 ;    508 ;    725 ;   -734 ;    -56 ;     25 ;    105 ;      9 ;   -400 ;     15 ;      5 ;    219 ;    971 ;   1587 ;     87 ;     65 ;
2014-09-15 12:35 ;    622 ;    463 ;    453 ;    128 ;   2063 ;    534 ;    729 ;   -734 ;    -43 ;     13 ;    105 ;      9 ;   -400 ;     15 ;      8 ;    215 ;    974 ;   1623 ;     91 ;     69 ;
2014-09-15 12:40 ;    635 ;    456 ;    455 ;    126 ;   2082 ;    545 ;    730 ;   -734 ;    -64 ;     38 ;    105 ;      9 ;   -400 ;     15 ;      5 ;    214 ;    982 ;   1645 ;     89 ;     68 ;
2014-09-15 12:45 ;    639 ;    459 ;    462 ;    118 ;   2117 ;    549 ;    730 ;   -734 ;    -55 ;     31 ;    105 ;      9 ;   -400 ;     15 ;      7 ;    213 ;    981 ;   1685 ;     90 ;     70 ;
2014-09-15 12:50 ;    641 ;    463 ;    450 ;    121 ;   2104 ;    551 ;    722 ;   -734 ;    -13 ;     28 ;    105 ;     10 ;   -399 ;     15 ;      6 ;    213 ;    956 ;   1698 ;     91 ;     72 ;
2014-09-15 12:55 ;    643 ;    458 ;    449 ;    126 ;   2082 ;    550 ;    755 ;   -734 ;    -71 ;     20 ;    105 ;      9 ;   -400 ;     15 ;      5 ;    214 ;    948 ;   1684 ;     88 ;     81 ;
2014-09-15 13:00 ;    652 ;    449 ;    442 ;    124 ;   2078 ;    545 ;    755 ;   -734 ;    -63 ;     36 ;    109 ;      8 ;   -400 ;     15 ;      5 ;    213 ;    965 ;   1658 ;     88 ;     85 ;
2014-09-15 13:05 ;    660 ;    443 ;    437 ;    130 ;   2070 ;    560 ;    743 ;   -734 ;    -31 ;     27 ;    115 ;      9 ;   -400 ;     15 ;      5 ;    214 ;    950 ;   1679 ;     91 ;     80 ;
2014-09-15 13:10 ;    680 ;    462 ;    431 ;    123 ;   2088 ;    552 ;    731 ;   -734 ;    -70 ;     21 ;    116 ;      9 ;   -400 ;     15 ;      6 ;    218 ;    946 ;   1693 ;     91 ;     85 ;
2014-09-15 13:15 ;    676 ;    448 ;    435 ;    121 ;   2090 ;    527 ;    720 ;   -734 ;    -61 ;     35 ;    115 ;     11 ;   -400 ;     15 ;      6 ;    217 ;    948 ;   1669 ;     94 ;     81 ;
2014-09-15 13:20 ;    684 ;    443 ;    441 ;    123 ;   2105 ;    529 ;    718 ;   -734 ;    -31 ;     21 ;    115 ;      9 ;   -400 ;     15 ;      7 ;    216 ;    916 ;   1718 ;     94 ;     77 ;
2014-09-15 13:25 ;    692 ;    453 ;    428 ;    124 ;   2077 ;    544 ;    719 ;   -734 ;    -13 ;     22 ;    115 ;      9 ;   -400 ;     15 ;      6 ;    218 ;    903 ;   1718 ;     93 ;     78 ;
2014-09-15 13:30 ;    703 ;    447 ;    440 ;    126 ;   2058 ;    546 ;    680 ;   -734 ;    -29 ;      5 ;    115 ;     10 ;   -400 ;     15 ;      6 ;    222 ;    886 ;   1718 ;     89 ;     75 ;
2014-09-15 13:35 ;    700 ;    447 ;    441 ;    134 ;   2096 ;    549 ;    680 ;   -734 ;    -55 ;      8 ;    115 ;     11 ;   -400 ;     15 ;      7 ;    221 ;    894 ;   1752 ;     87 ;     75 ;
2014-09-15 13:40 ;    692 ;    440 ;    431 ;    139 ;   2116 ;    517 ;    680 ;   -735 ;    -47 ;      5 ;    114 ;      8 ;   -399 ;     15 ;      7 ;    220 ;    913 ;   1721 ;     87 ;     82 ;
2014-09-15 13:45 ;    683 ;    450 ;    432 ;    123 ;   2123 ;    542 ;    680 ;   -734 ;    -67 ;     25 ;    115 ;     10 ;   -400 ;     15 ;      6 ;    218 ;    911 ;   1754 ;     86 ;     76 ;
2014-09-15 13:50 ;    683 ;    444 ;    422 ;    138 ;   2127 ;    545 ;    704 ;   -734 ;    -82 ;    -16 ;    115 ;     10 ;   -399 ;     15 ;      7 ;    218 ;    912 ;   1759 ;     87 ;     83 ;
2014-09-15 13:55 ;    683 ;    436 ;    421 ;    136 ;   2130 ;    552 ;    708 ;   -734 ;    -84 ;      4 ;    114 ;      8 ;   -400 ;     15 ;      6 ;    216 ;    921 ;   1762 ;     93 ;     77 ;
2014-09-15 14:00 ;    703 ;    448 ;    433 ;    134 ;   2121 ;    545 ;    629 ;   -735 ;    -37 ;   -121 ;    215 ;      7 ;   -400 ;     15 ;      5 ;    221 ;    902 ;   1764 ;     97 ;     81 ;
2014-09-15 14:05 ;    750 ;    439 ;    423 ;    144 ;   2108 ;    532 ;    619 ;   -734 ;    -55 ;   -225 ;    329 ;      7 ;   -400 ;     16 ;      6 ;    226 ;    894 ;   1746 ;     97 ;     80 ;
2014-09-15 14:10 ;    806 ;    447 ;    411 ;    131 ;   2053 ;    551 ;    618 ;   -734 ;    -75 ;   -239 ;    332 ;     10 ;   -400 ;     16 ;      4 ;    234 ;    898 ;   1706 ;    101 ;     76 ;
2014-09-15 14:15 ;    824 ;    442 ;    394 ;    135 ;   2079 ;    535 ;    617 ;   -734 ;    -67 ;   -221 ;    333 ;      8 ;   -401 ;     16 ;      5 ;    232 ;    884 ;   1730 ;     97 ;     82 ;
2014-09-15 14:20 ;    823 ;    435 ;    350 ;    147 ;   2054 ;    534 ;    618 ;   -734 ;    -16 ;   -231 ;    332 ;      7 ;   -399 ;     16 ;      6 ;    233 ;    876 ;   1712 ;     98 ;     78 ;
2014-09-15 14:25 ;    834 ;    442 ;    358 ;    140 ;   2040 ;    535 ;    617 ;   -734 ;    -33 ;   -224 ;    332 ;      8 ;   -400 ;     16 ;      6 ;    236 ;    861 ;   1713 ;    107 ;     72 ;
2014-09-15 14:30 ;    852 ;    442 ;    345 ;    132 ;   2040 ;    532 ;    618 ;   -734 ;    -39 ;   -222 ;    332 ;      8 ;   -400 ;     16 ;      5 ;    238 ;    856 ;   1716 ;    106 ;     74 ;
2014-09-15 14:35 ;    858 ;    437 ;    357 ;    137 ;   1974 ;    556 ;    618 ;   -735 ;    -37 ;   -222 ;    332 ;      7 ;   -400 ;     16 ;      5 ;    241 ;    830 ;   1700 ;    105 ;     65 ;
2014-09-15 14:40 ;    873 ;    435 ;    347 ;    135 ;   1971 ;    548 ;    618 ;   -735 ;    -42 ;   -234 ;    332 ;      8 ;   -400 ;     16 ;      5 ;    240 ;    822 ;   1696 ;    109 ;     70 ;
2014-09-15 14:45 ;    867 ;    439 ;    365 ;    121 ;   1935 ;    541 ;    618 ;   -735 ;    -46 ;   -237 ;    332 ;      7 ;   -400 ;     16 ;      5 ;    242 ;    810 ;   1666 ;    110 ;     75 ;
2014-09-15 14:50 ;    843 ;    440 ;    366 ;    116 ;   1941 ;    537 ;    625 ;   -735 ;    -15 ;   -233 ;    332 ;      8 ;   -401 ;     16 ;      6 ;    240 ;    827 ;   1651 ;    116 ;     76 ;
2014-09-15 14:55 ;    820 ;    440 ;    357 ;    114 ;   1919 ;    533 ;    632 ;   -735 ;     17 ;   -218 ;    332 ;      6 ;   -399 ;     17 ;      5 ;    238 ;    809 ;   1643 ;    110 ;     70 ;
2014-09-15 15:00 ;    814 ;    441 ;    365 ;     90 ;   1906 ;    565 ;    705 ;   -734 ;    -73 ;   -228 ;    355 ;      6 ;   -399 ;     17 ;      9 ;    235 ;    835 ;   1636 ;    108 ;     68 ;
2014-09-15 15:05 ;    775 ;    443 ;    350 ;     90 ;   1922 ;    572 ;    713 ;   -734 ;    -70 ;   -253 ;    379 ;      8 ;   -400 ;     17 ;      8 ;    230 ;    835 ;   1659 ;    112 ;     60 ;
2014-09-15 15:10 ;    768 ;    443 ;    339 ;     86 ;   1894 ;    553 ;    720 ;   -734 ;    -47 ;   -273 ;    380 ;      6 ;   -400 ;     17 ;      6 ;    233 ;    823 ;   1625 ;    117 ;     53 ;
2014-09-15 15:15 ;    760 ;    442 ;    343 ;     88 ;   1874 ;    554 ;    727 ;   -734 ;    -52 ;   -281 ;    379 ;      5 ;   -400 ;     17 ;      7 ;    233 ;    800 ;   1628 ;    117 ;     55 ;
2014-09-15 15:20 ;    759 ;    445 ;    341 ;     88 ;   1861 ;    549 ;    727 ;   -735 ;    -38 ;   -280 ;    379 ;      6 ;   -400 ;     17 ;      6 ;    234 ;    794 ;   1616 ;    117 ;     62 ;
2014-09-15 15:25 ;    760 ;    435 ;    333 ;     99 ;   1825 ;    549 ;    727 ;   -734 ;    -41 ;   -265 ;    379 ;      5 ;   -400 ;     17 ;      6 ;    234 ;    777 ;   1597 ;    107 ;     66 ;
2014-09-15 15:30 ;    745 ;    445 ;    346 ;     88 ;   1807 ;    562 ;    727 ;   -734 ;    -35 ;   -281 ;    379 ;      4 ;   -400 ;     17 ;      5 ;    234 ;    766 ;   1603 ;    113 ;     65 ;
2014-09-15 15:35 ;    740 ;    446 ;    331 ;     88 ;   1842 ;    553 ;    727 ;   -734 ;    -18 ;   -270 ;    379 ;      6 ;   -400 ;     17 ;      6 ;    232 ;    747 ;   1647 ;    117 ;     64 ;
2014-09-15 15:40 ;    747 ;    444 ;    329 ;     90 ;   1795 ;    582 ;    727 ;   -734 ;    -19 ;   -285 ;    379 ;      5 ;   -400 ;     17 ;      5 ;    234 ;    748 ;   1628 ;    111 ;     61 ;
2014-09-15 15:45 ;    761 ;    444 ;    323 ;     89 ;   1831 ;    545 ;    701 ;   -734 ;     -6 ;   -280 ;    379 ;      5 ;   -400 ;     17 ;      6 ;    235 ;    763 ;   1613 ;    113 ;     55 ;
2014-09-15 15:50 ;    772 ;    441 ;    329 ;     91 ;   1823 ;    568 ;    694 ;   -734 ;    -37 ;   -288 ;    379 ;      6 ;   -399 ;     17 ;      8 ;    236 ;    769 ;   1622 ;    111 ;     55 ;
2014-09-15 15:55 ;    800 ;    437 ;    332 ;     86 ;   1803 ;    567 ;    576 ;   -735 ;    -42 ;   -280 ;    379 ;      4 ;   -401 ;     17 ;      6 ;    240 ;    766 ;   1605 ;    112 ;     52 ;
2014-09-15 16:00 ;    819 ;    441 ;    337 ;     89 ;   1789 ;    562 ;    471 ;   -733 ;    -12 ;   -353 ;    443 ;      6 ;   -400 ;     17 ;      6 ;    244 ;    770 ;   1582 ;    116 ;     49 ;
2014-09-15 16:05 ;    842 ;    443 ;    344 ;     93 ;   1812 ;    571 ;    469 ;   -732 ;    -72 ;   -423 ;    503 ;      5 ;   -400 ;     17 ;      6 ;    245 ;    793 ;   1590 ;    120 ;     52 ;
2014-09-15 16:10 ;    838 ;    440 ;    338 ;     89 ;   1823 ;    580 ;    468 ;   -732 ;    -45 ;   -404 ;    508 ;      4 ;   -401 ;     17 ;      7 ;    242 ;    767 ;   1636 ;    117 ;     52 ;
2014-09-15 16:15 ;    853 ;    445 ;    340 ;     86 ;   1731 ;    577 ;    466 ;   -730 ;    -23 ;   -419 ;    508 ;      7 ;   -400 ;     17 ;      8 ;    250 ;    757 ;   1550 ;    111 ;     52 ;
2014-09-15 16:20 ;    868 ;    440 ;    340 ;     92 ;   1748 ;    553 ;    468 ;   -730 ;    -21 ;   -414 ;    508 ;      6 ;   -400 ;     17 ;      7 ;    252 ;    758 ;   1544 ;    112 ;     51 ;
2014-09-15 16:25 ;    877 ;    438 ;    348 ;     99 ;   1725 ;    565 ;    486 ;   -730 ;    -68 ;   -365 ;    508 ;      5 ;   -371 ;     17 ;      8 ;    255 ;    754 ;   1536 ;     98 ;     51 ;
2014-09-15 16:30 ;    833 ;    436 ;    350 ;     95 ;   1714 ;    566 ;    537 ;   -730 ;    -82 ;   -367 ;    508 ;      5 ;   -374 ;     17 ;      8 ;    251 ;    753 ;   1527 ;     98 ;     47 ;
2014-09-15 16:35 ;    850 ;    437 ;    329 ;     89 ;   1693 ;    572 ;    535 ;   -730 ;    -12 ;   -398 ;    508 ;      6 ;   -399 ;     17 ;      9 ;    253 ;    758 ;   1508 ;     97 ;     47 ;
2014-09-15 16:40 ;    871 ;    439 ;    344 ;     95 ;   1652 ;    546 ;    539 ;   -731 ;     -4 ;   -413 ;    508 ;      7 ;   -400 ;     17 ;      7 ;    261 ;    752 ;   1445 ;     97 ;     43 ;
2014-09-15 16:45 ;    895 ;    439 ;    342 ;     91 ;   1695 ;    547 ;    539 ;   -730 ;    -45 ;   -376 ;    508 ;      7 ;   -400 ;     17 ;      7 ;    260 ;    752 ;   1490 ;    102 ;     42 ;
2014-09-15 16:50 ;    913 ;    440 ;    338 ;     89 ;   1661 ;    547 ;    702 ;   -731 ;      3 ;   -359 ;    508 ;      6 ;   -401 ;     18 ;      7 ;    263 ;    750 ;   1459 ;    101 ;     41 ;
2014-09-15 16:55 ;    952 ;    440 ;    345 ;     91 ;   1665 ;    555 ;    694 ;   -731 ;    -13 ;   -357 ;    508 ;      8 ;   -400 ;     18 ;      7 ;    266 ;    749 ;   1471 ;     97 ;     37 ;
2014-09-15 17:00 ;   1002 ;    437 ;    348 ;     93 ;   1637 ;    556 ;    777 ;   -731 ;   -127 ;   -342 ;    500 ;      6 ;   -400 ;     18 ;      7 ;    271 ;    744 ;   1448 ;     94 ;     35 ;
2014-09-15 17:05 ;    978 ;    440 ;    340 ;     94 ;   1645 ;    530 ;    785 ;   -732 ;    -74 ;   -322 ;    496 ;      8 ;   -400 ;     18 ;      7 ;    269 ;    762 ;   1413 ;     89 ;     35 ;
2014-09-15 17:10 ;    975 ;    436 ;    341 ;     93 ;   1690 ;    552 ;    785 ;   -732 ;    -75 ;   -306 ;    493 ;      9 ;   -400 ;     18 ;      7 ;    263 ;    774 ;   1468 ;     86 ;     33 ;
2014-09-15 17:15 ;    984 ;    442 ;    344 ;     86 ;   1642 ;    536 ;    782 ;   -733 ;    -33 ;   -294 ;    493 ;     11 ;   -400 ;     18 ;      6 ;    268 ;    772 ;   1406 ;     82 ;     32 ;
2014-09-15 17:20 ;   1011 ;    440 ;    348 ;     83 ;   1623 ;    527 ;    787 ;   -734 ;    -34 ;   -277 ;    493 ;     10 ;   -400 ;     18 ;      6 ;    270 ;    778 ;   1372 ;     81 ;     30 ;
2014-09-15 17:25 ;   1035 ;    444 ;    352 ;     74 ;   1606 ;    522 ;    788 ;   -734 ;    -56 ;   -199 ;    493 ;      9 ;   -361 ;     18 ;      6 ;    272 ;    774 ;   1354 ;     78 ;     28 ;
2014-09-15 17:30 ;   1005 ;    443 ;    342 ;     82 ;   1598 ;    522 ;    787 ;   -734 ;    -57 ;   -148 ;    493 ;     11 ;   -301 ;     18 ;      5 ;    269 ;    781 ;   1338 ;     71 ;     25 ;
2014-09-15 17:35 ;   1000 ;    443 ;    339 ;     83 ;   1625 ;    523 ;    787 ;   -734 ;    -60 ;   -134 ;    493 ;     11 ;   -300 ;     18 ;      7 ;    266 ;    787 ;   1362 ;     68 ;     24 ;
2014-09-15 17:40 ;   1002 ;    439 ;    349 ;     84 ;   1590 ;    535 ;    787 ;   -734 ;    -44 ;   -143 ;    493 ;     11 ;   -300 ;     18 ;      8 ;    269 ;    786 ;   1339 ;     65 ;     20 ;
2014-09-15 17:45 ;   1006 ;    437 ;    340 ;     86 ;   1608 ;    512 ;    787 ;   -734 ;    -67 ;   -113 ;    493 ;     11 ;   -276 ;     18 ;      8 ;    268 ;    794 ;   1326 ;     63 ;     18 ;
2014-09-15 17:50 ;    978 ;    435 ;    337 ;     83 ;   1613 ;    516 ;    787 ;   -729 ;    -48 ;    -81 ;    493 ;     11 ;   -275 ;     18 ;      8 ;    264 ;    802 ;   1327 ;     60 ;     17 ;
2014-09-15 17:55 ;    975 ;    441 ;    350 ;     83 ;   1603 ;    496 ;    787 ;   -717 ;    -44 ;    -70 ;    467 ;     10 ;   -297 ;     18 ;      8 ;    266 ;    809 ;   1290 ;     56 ;     17 ;
2014-09-15 18:00 ;    998 ;    442 ;    337 ;     82 ;   1602 ;    512 ;    787 ;   -708 ;    -55 ;      9 ;    345 ;     10 ;   -322 ;     18 ;      5 ;    265 ;    835 ;   1279 ;     50 ;     16 ;
2014-09-15 18:05 ;   1019 ;    442 ;    342 ;     77 ;   1578 ;    513 ;    788 ;   -694 ;    -31 ;     52 ;    200 ;     11 ;   -397 ;     17 ;      7 ;    267 ;    833 ;   1258 ;     49 ;     15 ;
2014-09-15 18:10 ;   1025 ;    447 ;    345 ;     80 ;   1586 ;    520 ;    787 ;   -683 ;    -61 ;     78 ;    174 ;     10 ;   -399 ;     17 ;      6 ;    267 ;    827 ;   1279 ;     46 ;     13 ;
2014-09-15 18:15 ;   1023 ;    436 ;    352 ;     88 ;   1553 ;    518 ;    787 ;   -666 ;    -59 ;     75 ;    173 ;     10 ;   -399 ;     17 ;      7 ;    267 ;    798 ;   1272 ;     39 ;     11 ;
2014-09-15 18:20 ;   1016 ;    441 ;    343 ;     80 ;   1547 ;    504 ;    787 ;   -661 ;    -46 ;     70 ;    167 ;     10 ;   -400 ;     17 ;      7 ;    268 ;    802 ;   1248 ;     36 ;     10 ;
2014-09-15 18:25 ;   1026 ;    460 ;    342 ;     81 ;   1541 ;    509 ;    787 ;   -661 ;    -49 ;     65 ;    165 ;      9 ;   -400 ;     17 ;      7 ;    272 ;    809 ;   1242 ;     33 ;      9 ;
2014-09-15 18:30 ;   1021 ;    464 ;    346 ;     83 ;   1505 ;    511 ;    787 ;   -660 ;    -33 ;     43 ;    165 ;     11 ;   -400 ;     17 ;      6 ;    276 ;    788 ;   1228 ;     30 ;      8 ;
2014-09-15 18:35 ;   1027 ;    473 ;    344 ;     76 ;   1486 ;    511 ;    787 ;   -661 ;    -33 ;     35 ;    165 ;      9 ;   -400 ;     17 ;      7 ;    279 ;    791 ;   1206 ;     26 ;      7 ;
2014-09-15 18:40 ;   1024 ;    467 ;    347 ;     78 ;   1475 ;    506 ;    787 ;   -661 ;    -17 ;     46 ;    165 ;     10 ;   -399 ;     17 ;      7 ;    279 ;    791 ;   1190 ;     24 ;      6 ;
2014-09-15 18:45 ;   1020 ;    473 ;    349 ;     73 ;   1463 ;    511 ;    787 ;   -661 ;    -45 ;     49 ;    165 ;      9 ;   -400 ;     17 ;      6 ;    282 ;    796 ;   1178 ;     21 ;      5 ;
2014-09-15 18:50 ;   1013 ;    465 ;    351 ;     79 ;   1462 ;    498 ;    787 ;   -664 ;    -20 ;     51 ;    165 ;     12 ;   -400 ;     17 ;      6 ;    282 ;    807 ;   1152 ;     19 ;      4 ;
2014-09-15 18:55 ;   1020 ;    469 ;    343 ;     83 ;   1448 ;    501 ;    787 ;   -672 ;    -17 ;     -3 ;    165 ;     12 ;   -400 ;     16 ;      8 ;    289 ;    805 ;   1143 ;     16 ;      3 ;
2014-09-15 19:00 ;   1035 ;    481 ;    342 ;     76 ;   1431 ;    587 ;    787 ;   -675 ;    -17 ;    -18 ;    127 ;     11 ;   -400 ;     16 ;      6 ;    290 ;    865 ;   1153 ;     13 ;      3 ;
2014-09-15 19:05 ;   1034 ;    479 ;    331 ;     80 ;   1408 ;    597 ;    787 ;   -683 ;     -2 ;     -2 ;     90 ;     10 ;   -400 ;     16 ;      7 ;    291 ;    873 ;   1131 ;     11 ;      2 ;
2014-09-15 19:10 ;   1059 ;    474 ;    327 ;     88 ;   1400 ;    588 ;    787 ;   -685 ;      3 ;     -9 ;     90 ;     11 ;   -400 ;     16 ;      5 ;    294 ;    867 ;   1121 ;      9 ;      2 ;
2014-09-15 19:15 ;   1065 ;    460 ;    326 ;     83 ;   1377 ;    620 ;    787 ;   -692 ;    -36 ;     21 ;     90 ;     10 ;   -366 ;     16 ;      6 ;    292 ;    865 ;   1131 ;      7 ;      1 ;
2014-09-15 19:20 ;   1047 ;    463 ;    340 ;     81 ;   1389 ;    613 ;    787 ;   -693 ;    -40 ;     17 ;     90 ;     10 ;   -361 ;     16 ;      7 ;    291 ;    861 ;   1141 ;      5 ;      1 ;
2014-09-15 19:25 ;   1049 ;    458 ;    329 ;     81 ;   1368 ;    630 ;    787 ;   -692 ;    -15 ;     22 ;     90 ;     10 ;   -360 ;     16 ;      7 ;    289 ;    872 ;   1127 ;      4 ;      0 ;
2014-09-15 19:30 ;   1058 ;    463 ;    337 ;     82 ;   1345 ;    624 ;    787 ;   -692 ;    -10 ;      6 ;     90 ;     10 ;   -360 ;     16 ;      7 ;    294 ;    859 ;   1110 ;      2 ;      0 ;
2014-09-15 19:35 ;   1086 ;    453 ;    337 ;     84 ;   1341 ;    630 ;    787 ;   -652 ;    -41 ;     13 ;     90 ;     11 ;   -360 ;     16 ;      6 ;    292 ;    849 ;   1122 ;      1 ;      0 ;
2014-09-15 19:40 ;   1058 ;    461 ;    336 ;     81 ;   1363 ;    647 ;    788 ;   -662 ;    -25 ;      7 ;     90 ;     10 ;   -360 ;     16 ;      7 ;    288 ;    860 ;   1150 ;      1 ;      0 ;
2014-09-15 19:45 ;   1066 ;    453 ;    338 ;     83 ;   1348 ;    655 ;    788 ;   -663 ;    -29 ;      9 ;     90 ;     10 ;   -360 ;     16 ;      5 ;    288 ;    858 ;   1145 ;      0 ;      0 ;
2014-09-15 19:50 ;   1079 ;    466 ;    338 ;     88 ;   1328 ;    645 ;    788 ;   -664 ;     -4 ;     15 ;     90 ;     12 ;   -360 ;     16 ;      6 ;    291 ;    846 ;   1126 ;      0 ;      0 ;
2014-09-15 19:55 ;   1082 ;    423 ;    332 ;     88 ;   1355 ;    650 ;    787 ;   -665 ;     -7 ;     80 ;     90 ;     11 ;   -360 ;     16 ;      5 ;    279 ;    836 ;   1169 ;      0 ;      0 ;
2014-09-15 20:00 ;   1073 ;    424 ;    335 ;     79 ;   1346 ;    648 ;    787 ;   -554 ;    -59 ;     62 ;     62 ;     11 ;   -399 ;     16 ;      6 ;    275 ;    842 ;   1152 ;      0 ;      0 ;
2014-09-15 20:05 ;   1042 ;    427 ;    331 ;     86 ;   1370 ;    637 ;    786 ;   -548 ;    -29 ;    103 ;     30 ;     11 ;   -400 ;     16 ;      6 ;    268 ;    847 ;   1159 ;      0 ;      0 ;
2014-09-15 20:10 ;   1034 ;    417 ;    323 ;     86 ;   1381 ;    636 ;    779 ;   -550 ;    -30 ;     93 ;     30 ;     11 ;   -400 ;     15 ;      7 ;    267 ;    855 ;   1162 ;      0 ;      0 ;
2014-09-15 20:15 ;   1042 ;    413 ;    315 ;     87 ;   1404 ;    657 ;    786 ;   -552 ;    -49 ;     75 ;     30 ;     10 ;   -401 ;     15 ;      7 ;    268 ;    869 ;   1192 ;      0 ;      0 ;
2014-09-15 20:20 ;   1037 ;    408 ;    322 ;     96 ;   1405 ;    649 ;    786 ;   -554 ;    -58 ;     77 ;     30 ;     10 ;   -400 ;     16 ;      5 ;    268 ;    867 ;   1187 ;      0 ;      0 ;
2014-09-15 20:25 ;   1023 ;    408 ;    311 ;     84 ;   1408 ;    640 ;    786 ;   -554 ;    -62 ;     70 ;     30 ;     11 ;   -400 ;     15 ;      5 ;    267 ;    873 ;   1175 ;      0 ;      0 ;
2014-09-15 20:30 ;   1019 ;    415 ;    321 ;     79 ;   1394 ;    646 ;    784 ;   -583 ;    -48 ;     58 ;     30 ;      9 ;   -400 ;     15 ;      7 ;    270 ;    873 ;   1166 ;      0 ;      0 ;
2014-09-15 20:35 ;   1014 ;    420 ;    315 ;     87 ;   1402 ;    648 ;    786 ;   -607 ;    -70 ;     30 ;     30 ;      9 ;   -400 ;     15 ;      5 ;    274 ;    878 ;   1171 ;      0 ;      0 ;
2014-09-15 20:40 ;   1015 ;    434 ;    311 ;     83 ;   1413 ;    648 ;    786 ;   -607 ;    -62 ;      7 ;     30 ;      9 ;   -400 ;     15 ;      5 ;    276 ;    885 ;   1176 ;      0 ;      0 ;
2014-09-15 20:45 ;   1016 ;    443 ;    284 ;     85 ;   1401 ;    646 ;    786 ;   -607 ;    -33 ;      6 ;     30 ;      9 ;   -400 ;     15 ;      6 ;    275 ;    888 ;   1159 ;      0 ;      0 ;
2014-09-15 20:50 ;   1035 ;    440 ;    262 ;     91 ;   1415 ;    649 ;    774 ;   -610 ;     -3 ;     -3 ;     30 ;      8 ;   -400 ;     15 ;      8 ;    276 ;    885 ;   1179 ;      0 ;      0 ;
2014-09-15 20:55 ;   1046 ;    449 ;    266 ;     79 ;   1422 ;    656 ;    763 ;   -617 ;    -25 ;    -16 ;     30 ;      8 ;   -400 ;     15 ;      6 ;    280 ;    890 ;   1188 ;      0 ;      0 ;
2014-09-15 21:00 ;   1027 ;    452 ;    255 ;     84 ;   1414 ;    663 ;    743 ;   -603 ;    -33 ;    -88 ;     81 ;      7 ;   -400 ;     15 ;      6 ;    282 ;    907 ;   1170 ;      0 ;      0 ;
2014-09-15 21:05 ;    989 ;    463 ;    263 ;     85 ;   1448 ;    660 ;    735 ;   -599 ;    -14 ;   -171 ;    141 ;      8 ;   -400 ;     15 ;      7 ;    279 ;    920 ;   1188 ;      0 ;      0 ;
2014-09-15 21:10 ;    993 ;    477 ;    250 ;     85 ;   1459 ;    649 ;    717 ;   -607 ;     -4 ;   -178 ;    143 ;      7 ;   -400 ;     15 ;      9 ;    282 ;    937 ;   1171 ;      0 ;      0 ;
2014-09-15 21:15 ;    976 ;    475 ;    250 ;     87 ;   1509 ;    653 ;    706 ;   -610 ;    -21 ;   -172 ;    143 ;      7 ;   -400 ;     15 ;      9 ;    278 ;    956 ;   1206 ;      0 ;      0 ;
2014-09-15 21:20 ;    972 ;    473 ;    251 ;     87 ;   1486 ;    641 ;    712 ;   -612 ;    -29 ;   -208 ;    143 ;      7 ;   -400 ;     15 ;      7 ;    283 ;    962 ;   1165 ;      0 ;      0 ;
2014-09-15 21:25 ;    953 ;    472 ;    256 ;     88 ;   1502 ;    636 ;    714 ;   -613 ;    -50 ;   -203 ;    143 ;      7 ;   -400 ;     15 ;      6 ;    282 ;    969 ;   1168 ;      0 ;      0 ;
2014-09-15 21:30 ;    944 ;    474 ;    253 ;     82 ;   1509 ;    645 ;    713 ;   -643 ;    -49 ;   -214 ;    143 ;      7 ;   -400 ;     15 ;      9 ;    281 ;   1007 ;   1147 ;      0 ;      0 ;
2014-09-15 21:35 ;    940 ;    471 ;    242 ;     89 ;   1553 ;    648 ;    712 ;   -645 ;    -58 ;   -224 ;    143 ;      6 ;   -400 ;     15 ;      6 ;    277 ;   1027 ;   1174 ;      0 ;      0 ;
2014-09-15 21:40 ;    904 ;    467 ;    246 ;     87 ;   1545 ;    639 ;    716 ;   -645 ;    -57 ;   -230 ;    143 ;      6 ;   -400 ;     15 ;      9 ;    275 ;   1016 ;   1168 ;      0 ;      0 ;
2014-09-15 21:45 ;    880 ;    475 ;    247 ;     89 ;   1543 ;    651 ;    716 ;   -645 ;    -41 ;   -248 ;    143 ;      6 ;   -400 ;     15 ;      8 ;    273 ;    998 ;   1196 ;      0 ;      0 ;
2014-09-15 21:50 ;    855 ;    477 ;    245 ;     81 ;   1529 ;    634 ;    633 ;   -645 ;     11 ;   -199 ;    143 ;      7 ;   -354 ;     15 ;      7 ;    275 ;    988 ;   1176 ;      0 ;      0 ;
2014-09-15 21:55 ;    847 ;    467 ;    251 ;     96 ;   1536 ;    632 ;    569 ;   -645 ;     13 ;   -193 ;    167 ;      5 ;   -305 ;     15 ;      9 ;    274 ;    991 ;   1177 ;      0 ;      0 ;
2014-09-15 22:00 ;    829 ;    461 ;    237 ;     87 ;   1519 ;    630 ;    498 ;   -593 ;    -12 ;   -270 ;    302 ;      6 ;   -258 ;     15 ;      6 ;    272 ;   1004 ;   1144 ;      0 ;      0 ;
2014-09-15 22:05 ;    842 ;    476 ;    229 ;     94 ;   1540 ;    636 ;    425 ;   -585 ;    -16 ;   -397 ;    438 ;      6 ;   -209 ;     15 ;      8 ;    274 ;   1004 ;   1173 ;      0 ;      0 ;
2014-09-15 22:10 ;    838 ;    468 ;    223 ;     91 ;   1545 ;    622 ;    353 ;   -659 ;    -19 ;   -297 ;    468 ;      5 ;    -94 ;     15 ;      8 ;    275 ;    998 ;   1169 ;      0 ;      0 ;
2014-09-15 22:15 ;    856 ;    477 ;    199 ;     92 ;   1561 ;    624 ;    283 ;   -734 ;     -3 ;   -184 ;    468 ;      5 ;     31 ;     15 ;      8 ;    277 ;   1016 ;   1170 ;      0 ;      0 ;
2014-09-15 22:20 ;    857 ;    475 ;    190 ;     85 ;   1549 ;    623 ;    282 ;   -734 ;    -30 ;   -208 ;    468 ;      5 ;     37 ;     15 ;      7 ;    277 ;   1018 ;   1154 ;      0 ;      0 ;
2014-09-15 22:25 ;    854 ;    472 ;    181 ;     89 ;   1554 ;    614 ;    282 ;   -734 ;    -54 ;   -234 ;    468 ;      5 ;     37 ;     15 ;      7 ;    277 ;   1022 ;   1146 ;      0 ;      0 ;
2014-09-15 22:30 ;    859 ;    479 ;    188 ;     88 ;   1569 ;    623 ;    282 ;   -733 ;    -15 ;   -319 ;    468 ;      4 ;    -44 ;     15 ;      7 ;    277 ;   1030 ;   1162 ;      0 ;      0 ;
2014-09-15 22:35 ;    865 ;    476 ;    194 ;     84 ;   1566 ;    618 ;    282 ;   -734 ;    -32 ;   -330 ;    468 ;      4 ;    -45 ;     15 ;      6 ;    278 ;   1021 ;   1163 ;      0 ;      0 ;
2014-09-15 22:40 ;    857 ;    469 ;    193 ;     87 ;   1562 ;    617 ;    282 ;   -735 ;    -59 ;   -349 ;    468 ;      4 ;    -45 ;     15 ;      6 ;    276 ;   1036 ;   1142 ;      0 ;      0 ;
2014-09-15 22:45 ;    851 ;    479 ;    182 ;     84 ;   1574 ;    608 ;    282 ;   -734 ;    -72 ;   -365 ;    468 ;      3 ;    -45 ;     15 ;      6 ;    276 ;   1042 ;   1140 ;      0 ;      0 ;
2014-09-15 22:50 ;    837 ;    470 ;    187 ;     94 ;   1579 ;    618 ;    247 ;   -734 ;    -75 ;   -328 ;    468 ;      4 ;    -18 ;     14 ;      7 ;    272 ;   1047 ;   1150 ;      0 ;      0 ;
2014-09-15 22:55 ;    822 ;    471 ;    187 ;     97 ;   1579 ;    605 ;    210 ;   -734 ;    -73 ;   -332 ;    468 ;      4 ;      0 ;     14 ;      5 ;    272 ;   1044 ;   1140 ;      0 ;      0 ;
2014-09-15 23:00 ;    801 ;    473 ;    189 ;     91 ;   1593 ;    608 ;    176 ;   -734 ;    -39 ;   -428 ;    526 ;      3 ;    -26 ;     14 ;      6 ;    268 ;   1049 ;   1151 ;      0 ;      0 ;
2014-09-15 23:05 ;    761 ;    473 ;    192 ;     79 ;   1594 ;    614 ;    140 ;   -734 ;    -27 ;   -476 ;    600 ;      2 ;      0 ;     14 ;      6 ;    263 ;   1063 ;   1146 ;      0 ;      0 ;
2014-09-15 23:10 ;    754 ;    448 ;    186 ;     87 ;   1592 ;    616 ;    103 ;   -734 ;    -63 ;   -415 ;    600 ;      4 ;     50 ;     14 ;      5 ;    259 ;   1072 ;   1136 ;      0 ;      0 ;
2014-09-15 23:15 ;    749 ;    450 ;    181 ;     91 ;   1583 ;    597 ;     64 ;   -734 ;    -24 ;   -414 ;    599 ;      2 ;     59 ;     14 ;      4 ;    260 ;   1077 ;   1103 ;      0 ;      0 ;
2014-09-15 23:20 ;    741 ;    453 ;    183 ;     90 ;   1605 ;    608 ;     65 ;   -735 ;    -98 ;   -408 ;    600 ;      2 ;     89 ;     14 ;      7 ;    258 ;   1095 ;   1118 ;      0 ;      0 ;
2014-09-15 23:25 ;    727 ;    445 ;    182 ;     85 ;   1609 ;    601 ;     66 ;   -734 ;   -101 ;   -388 ;    600 ;      3 ;     89 ;     14 ;      5 ;    255 ;   1102 ;   1109 ;      0 ;      0 ;
2014-09-15 23:30 ;    730 ;    424 ;    175 ;     87 ;   1634 ;    608 ;    -38 ;   -734 ;    -26 ;   -395 ;    600 ;      3 ;     89 ;     14 ;      6 ;    250 ;   1112 ;   1130 ;      0 ;      0 ;
2014-09-15 23:35 ;    743 ;    414 ;    184 ;     85 ;   1627 ;    589 ;    -36 ;   -734 ;    -55 ;   -378 ;    600 ;      3 ;     89 ;     14 ;      8 ;    252 ;   1111 ;   1105 ;      0 ;      0 ;
2014-09-15 23:40 ;    728 ;    404 ;    182 ;     89 ;   1639 ;    598 ;    -35 ;   -734 ;    -60 ;   -374 ;    600 ;      3 ;     89 ;     14 ;      6 ;    247 ;   1118 ;   1119 ;      0 ;      0 ;
2014-09-15 23:45 ;    727 ;    394 ;    180 ;     89 ;   1600 ;    583 ;    -35 ;   -734 ;    -45 ;   -380 ;    600 ;      3 ;     89 ;     14 ;      5 ;    249 ;   1105 ;   1078 ;      0 ;      0 ;
2014-09-15 23:50 ;    725 ;    401 ;    172 ;     91 ;   1588 ;    582 ;    -62 ;   -729 ;    -35 ;   -379 ;    600 ;      3 ;     89 ;     14 ;      7 ;    251 ;   1116 ;   1054 ;      0 ;      0 ;
2014-09-15 23:55 ;    714 ;    402 ;    183 ;     84 ;   1590 ;    583 ;    -89 ;   -720 ;    -18 ;   -394 ;    600 ;      3 ;     89 ;     14 ;      8 ;    249 ;   1125 ;   1048 ;      0 ;      0 ;
